9.0	40.0	53.445	6.110211	43.03791	65.49475860595703
9.0	41.0	1.44	6.11024	43.037969	66.05236053466797
9.0	41.0	2.749	6.110254	43.037998	66.09146881103516
9.0	41.0	6.589	6.110277	43.038083	66.35663604736328
9.0	41.0	7.58	6.110277	43.038098	66.51210021972656
9.0	41.0	12.58	6.110259	43.038167	67.3197021484375
9.0	41.0	13.566	6.110258	43.038187	67.50727081298828
9.0	41.0	16.637	6.110234	43.038266	67.91336059570312
9.0	41.0	17.631	6.110222	43.038288	68.04393005371094
9.0	41.0	20.646	6.110189	43.038358	68.37298583984375
9.0	41.0	21.532	6.11018	43.038384	68.45196533203125
9.0	41.0	23.629	6.110163	43.038443	68.58985900878906
9.0	41.0	24.641	6.110162	43.038476	68.7391357421875
9.0	41.0	26.638	6.110176	43.038543	69.08316040039062
9.0	41.0	27.622	6.110186	43.038581	69.20826721191406
9.0	41.0	29.629	6.110195	43.038661	69.4007339477539
9.0	41.0	30.58	6.110198	43.038703	69.40367889404297
9.0	41.0	32.583	6.1102	43.038785	69.3966293334961
9.0	41.0	33.582	6.110198	43.038823	69.38400268554688
9.0	41.0	35.583	6.110202	43.038905	69.32868194580078
9.0	41.0	36.591	6.110208	43.038947	69.24108123779297
9.0	41.0	38.577	6.110227	43.039023	69.06797790527344
9.0	41.0	39.583	6.110239	43.039063	68.95194244384766
9.0	41.0	41.579	6.110255	43.039133	68.75115966796875
9.0	41.0	42.578	6.110259	43.039166	68.62642669677734
9.0	41.0	44.629	6.11026	43.039237	68.41130065917969
9.0	41.0	45.578	6.11026	43.039275	68.29127502441406
9.0	41.0	48.57	6.110245	43.039352	67.86319732666016
9.0	41.0	49.567	6.110229	43.039375	67.78351593017578
9.0	41.0	51.576	6.110179	43.039432	67.66259002685547
9.0	41.0	52.575	6.110148	43.039462	67.53802490234375
9.0	41.0	54.572	6.11008	43.039523	67.26429748535156
9.0	41.0	55.578	6.110049	43.039552	67.08943939208984
9.0	41.0	58.462	6.109971	43.039618	66.48085021972656
9.0	41.0	59.572	6.109945	43.039639	66.2450180053711
9.0	42.0	2.574	6.109865	43.039692	65.53955078125
9.0	42.0	3.57	6.109824	43.039713	65.36923217773438
9.0	42.0	5.51	6.109739	43.039758	65.04658508300781
9.0	42.0	6.605	6.109699	43.039785	64.91132354736328
9.0	42.0	8.56	6.10962	43.039839	64.60409545898438
9.0	42.0	9.571	6.109585	43.039863	64.416748046875
9.0	42.0	12.567	6.109495	43.039918	63.89290237426758
9.0	42.0	13.567	6.109464	43.039933	63.750492095947266
9.0	42.0	16.589	6.109358	43.039978	63.35115432739258
9.0	42.0	17.577	6.109316	43.039991	63.25941848754883
9.0	42.0	19.514	6.109241	43.04001	63.03048324584961
9.0	42.0	20.576	6.109197	43.040019	62.97684097290039
9.0	42.0	23.578	6.109079	43.040034	62.81298065185547
9.0	42.0	24.605	6.109039	43.040038	62.76434326171875
9.0	42.0	27.686	6.108918	43.040041	62.53616714477539
9.0	42.0	28.574	6.108877	43.040042	62.43965148925781
9.0	42.0	30.665	6.108781	43.040047	62.224945068359375
9.0	42.0	31.566	6.108737	43.040052	62.12061309814453
9.0	42.0	33.574	6.10864	43.040062	61.95738983154297
9.0	42.0	34.568	6.108597	43.040065	61.8653450012207
9.0	42.0	37.566	6.108476	43.040069	61.666015625
9.0	42.0	38.566	6.108438	43.040071	61.57654571533203
9.0	42.0	40.575	6.108351	43.040081	61.53569412231445
9.0	42.0	41.574	6.108302	43.040085	61.50502395629883
9.0	42.0	44.245	6.108208	43.040094	61.43295669555664
9.0	42.0	44.499	6.108159	43.040098	61.36840057373047
9.0	42.0	46.583	6.108067	43.040107	61.20172119140625
9.0	42.0	47.563	6.108032	43.040112	61.14745330810547
9.0	42.0	50.569	6.107923	43.040133	61.05171203613281
9.0	42.0	51.575	6.107885	43.040141	60.97962951660156
9.0	42.0	54.49	6.107775	43.04017	60.60606384277344
9.0	42.0	55.585	6.10773	43.040181	60.42247009277344
9.0	42.0	58.574	6.107619	43.0402	60.01249694824219
9.0	42.0	59.676	6.107586	43.040207	59.91792297363281
9.0	43.0	2.458	6.107494	43.040216	59.85341262817383
9.0	43.0	3.58	6.107456	43.040219	59.84775924682617
9.0	43.0	6.604	6.107347	43.040229	59.99631881713867
9.0	43.0	7.591	6.107306	43.040234	60.05823516845703
9.0	43.0	9.559	6.107221	43.040245	60.164730072021484
9.0	43.0	10.67	6.107181	43.040248	60.19367218017578
9.0	43.0	13.575	6.107076	43.040252	60.418575286865234
9.0	43.0	14.58	6.107035	43.040253	60.51721954345703
9.0	43.0	17.576	6.106927	43.040261	60.771060943603516
9.0	43.0	18.576	6.106891	43.040263	60.87099075317383
9.0	43.0	21.58	6.106791	43.040262	61.11961364746094
9.0	43.0	22.576	6.106757	43.04026	61.208099365234375
9.0	43.0	25.578	6.106648	43.040267	61.423492431640625
9.0	43.0	26.589	6.106611	43.040273	61.51604080200195
9.0	43.0	29.646	6.106503	43.040295	61.880252838134766
9.0	43.0	30.564	6.106465	43.0403	61.99075698852539
9.0	43.0	33.558	6.106346	43.040314	62.255855560302734
9.0	43.0	34.495	6.106311	43.040318	62.296875
9.0	43.0	36.581	6.106224	43.040326	62.40658187866211
9.0	43.0	37.567	6.106177	43.04033	62.481868743896484
9.0	43.0	39.563	6.106085	43.040337	62.622894287109375
9.0	43.0	40.566	6.106051	43.04034	62.70606994628906
9.0	43.0	43.566	6.105943	43.040348	62.966407775878906
9.0	43.0	44.486	6.105912	43.040349	63.031681060791016
9.0	43.0	47.56	6.105802	43.040364	63.170509338378906
9.0	43.0	48.559	6.10577	43.04037	63.17334747314453
9.0	43.0	51.644	6.105667	43.040394	63.23044204711914
9.0	43.0	52.569	6.105631	43.040395	63.30123519897461
9.0	43.0	56.683	6.105512	43.040379	63.67444610595703
9.0	43.0	57.566	6.105485	43.040369	63.76069259643555
9.0	44.0	0.493	6.105389	43.040335	63.931365966796875
9.0	44.0	1.57	6.105357	43.040326	64.01260375976562
9.0	44.0	4.514	6.105261	43.040309	64.23490142822266
9.0	44.0	5.626	6.105223	43.040301	64.3135986328125
9.0	44.0	7.595	6.10514	43.040283	64.39533233642578
9.0	44.0	8.472	6.105098	43.040274	64.44602966308594
9.0	44.0	10.578	6.105004	43.040259	64.62699127197266
9.0	44.0	11.626	6.104962	43.040256	64.7033920288086
9.0	44.0	14.494	6.104848	43.040228	64.91529083251953
9.0	44.0	15.576	6.104814	43.040219	65.02522277832031
9.0	44.0	18.576	6.104721	43.040197	65.27266693115234
9.0	44.0	19.655	6.104683	43.04019	65.37957000732422
9.0	44.0	22.576	6.104575	43.040165	65.60692596435547
9.0	44.0	23.569	6.104537	43.040156	65.6521224975586
9.0	44.0	26.611	6.104425	43.040131	65.748291015625
9.0	44.0	27.582	6.104392	43.040123	65.83248138427734
9.0	44.0	30.572	6.104294	43.0401	65.99061584472656
9.0	44.0	31.571	6.104256	43.040092	66.01688385009766
9.0	44.0	34.572	6.104154	43.040061	66.113525390625
9.0	44.0	35.576	6.104129	43.040048	66.14260864257812
9.0	44.0	40.576	6.104012	43.040032	66.36441040039062
9.0	44.0	41.577	6.103972	43.040045	66.41555786132812
9.0	44.0	43.578	6.103892	43.040076	66.40931701660156
9.0	44.0	44.478	6.10385	43.040094	66.37218475341797
9.0	44.0	46.588	6.103769	43.040133	66.27877807617188
9.0	44.0	47.569	6.103738	43.040151	66.19316101074219
9.0	44.0	55.57	6.103629	43.040164	65.84813690185547
9.0	44.0	56.584	6.103615	43.040161	65.8476791381836
9.0	45.0	1.574	6.103511	43.040181	66.21819305419922
9.0	45.0	2.571	6.103486	43.040187	66.31462097167969
9.0	45.0	4.536	6.103384	43.040213	66.55381774902344
9.0	45.0	5.628	6.10333	43.040234	66.6590347290039
9.0	45.0	6.52	6.103282	43.040258	66.73661041259766
9.0	45.0	7.583	6.103214	43.040299	66.76856994628906
9.0	45.0	9.485	6.103153	43.040339	66.76766204833984
9.0	45.0	9.563	6.103096	43.040382	66.73848724365234
9.0	45.0	11.576	6.10302	43.040439	66.58564758300781
9.0	45.0	12.569	6.102995	43.040454	66.4822998046875
9.0	45.0	15.585	6.10291	43.040489	66.1528091430664
9.0	45.0	16.603	6.102885	43.040496	66.0101318359375
9.0	45.0	22.49	6.102791	43.040523	65.59638977050781
9.0	45.0	23.575	6.10277	43.040528	65.50896453857422
9.0	45.0	27.59	6.102661	43.040558	65.24179077148438
9.0	45.0	28.59	6.102628	43.040564	65.1877670288086
9.0	45.0	37.584	6.102517	43.040585	64.8474349975586
9.0	45.0	38.574	6.102502	43.040582	64.79690551757812
9.0	45.0	41.579	6.102412	43.040557	64.60000610351562
9.0	45.0	42.564	6.10238	43.040534	64.49569702148438
9.0	45.0	53.641	6.102291	43.040593	63.79922103881836
9.0	45.0	54.506	6.102274	43.04061	63.676612854003906
9.0	45.0	59.682	6.102181	43.040668	63.04137420654297
9.0	46.0	0.488	6.102156	43.040682	62.9312858581543
9.0	46.0	3.529	6.102079	43.040737	62.543643951416016
9.0	46.0	4.499	6.102048	43.040747	62.43397903442383
9.0	46.0	8.514	6.101936	43.04073	62.16298294067383
9.0	46.0	9.528	6.101908	43.040714	62.11794662475586
9.0	46.0	13.519	6.101815	43.040658	62.010738372802734
9.0	46.0	14.504	6.101798	43.040656	62.044864654541016
9.0	46.0	18.518	6.101691	43.040658	62.09740447998047
9.0	46.0	19.526	6.101666	43.040659	62.061641693115234
9.0	46.0	25.522	6.101547	43.040678	61.7537956237793
9.0	46.0	26.528	6.101525	43.040673	61.753780364990234
9.0	46.0	30.512	6.101429	43.040624	61.42112731933594
9.0	46.0	31.532	6.101405	43.040609	61.35438537597656
9.0	46.0	35.538	6.101299	43.040577	61.26491928100586
9.0	46.0	36.531	6.101276	43.040569	61.22993469238281
9.0	46.0	40.545	6.101172	43.040538	61.09807586669922
9.0	46.0	41.522	6.101147	43.040531	61.06389617919922
9.0	46.0	45.525	6.101053	43.040501	61.52378463745117
9.0	46.0	46.54	6.101031	43.040499	61.68851852416992
9.0	46.0	51.534	6.100941	43.040528	62.434814453125
9.0	46.0	52.65	6.100914	43.040545	62.538818359375
9.0	46.0	54.661	6.100847	43.040583	62.64918899536133
9.0	46.0	55.712	6.100802	43.040602	62.69331741333008
9.0	46.0	57.609	6.100706	43.040631	62.820228576660156
9.0	46.0	58.644	6.100657	43.040642	62.817142486572266
9.0	47.0	1.66	6.100548	43.04066	62.72008514404297
9.0	47.0	2.649	6.100523	43.040663	62.70582580566406
9.0	47.0	5.521	6.100436	43.040674	62.722930908203125
9.0	47.0	6.553	6.1004	43.040679	62.69649124145508
9.0	47.0	9.647	6.100299	43.040687	62.75447082519531
9.0	47.0	10.65	6.100262	43.040687	62.787559509277344
9.0	47.0	14.072	6.100141	43.040682	62.95269775390625
9.0	47.0	14.641	6.100093	43.040678	62.96281433105469
9.0	47.0	16.661	6.100002	43.040662	62.83676528930664
9.0	47.0	17.65	6.099957	43.04065	62.76304626464844
9.0	47.0	19.573	6.099867	43.040626	62.592674255371094
9.0	47.0	20.653	6.099821	43.040617	62.51447296142578
9.0	47.0	24.25	6.099722	43.040623	62.35504913330078
9.0	47.0	24.487	6.099691	43.040628	62.286624908447266
9.0	47.0	27.517	6.09958	43.040654	62.20000457763672
9.0	47.0	28.522	6.09955	43.040659	62.169803619384766
9.0	47.0	32.526	6.099431	43.040663	62.129249572753906
9.0	47.0	33.515	6.099401	43.040661	62.04884719848633
9.0	47.0	36.535	6.099309	43.040654	61.95067596435547
9.0	47.0	37.518	6.099275	43.040651	61.97060775756836
9.0	47.0	40.533	6.09918	43.040645	62.01612091064453
9.0	47.0	41.605	6.099151	43.040643	62.065921783447266
9.0	47.0	45.525	6.099037	43.040631	62.155094146728516
9.0	47.0	46.549	6.099007	43.040628	62.1998405456543
9.0	47.0	49.519	6.098905	43.040624	62.21868896484375
9.0	47.0	50.517	6.098869	43.040623	62.20158767700195
9.0	47.0	54.517	6.098754	43.04061	62.1673469543457
9.0	47.0	55.517	6.098727	43.040604	62.165489196777344
9.0	47.0	59.467	6.098608	43.040591	62.128143310546875
9.0	48.0	0.48	6.098577	43.040587	62.09303283691406
9.0	48.0	4.543	6.098503	43.040534	62.225303649902344
9.0	48.0	5.525	6.098491	43.040515	62.26059341430664
9.0	48.0	10.526	6.098421	43.04045	62.7848014831543
9.0	48.0	11.554	6.098395	43.040437	62.99781036376953
9.0	48.0	15.526	6.098306	43.040388	63.6070556640625
9.0	48.0	16.532	6.098287	43.040378	63.610984802246094
9.0	48.0	21.524	6.098179	43.04038	63.593040466308594
9.0	48.0	22.577	6.09815	43.04038	63.60289001464844
9.0	48.0	26.535	6.098029	43.040369	63.84402084350586
9.0	48.0	27.574	6.098009	43.040361	63.86744689941406
9.0	48.0	34.891	6.097938	43.040304	64.16326904296875
9.0	48.0	35.6	6.097916	43.040285	64.1845703125
9.0	48.0	39.889	6.097827	43.040229	64.56538391113281
9.0	48.0	40.521	6.097806	43.040213	64.7221450805664
9.0	48.0	45.506	6.097747	43.04014	65.065185546875
9.0	48.0	46.536	6.097749	43.040131	65.06615447998047
9.0	48.0	51.573	6.09781	43.04019	65.25634002685547
9.0	48.0	52.527	6.097821	43.040211	65.27447509765625
9.0	48.0	57.529	6.097893	43.040282	65.3331527709961
9.0	48.0	58.528	6.097889	43.040287	65.37088012695312
9.0	49.0	8.525	6.097788	43.040301	65.25656127929688
9.0	49.0	9.619	6.097764	43.040304	65.3731460571289
9.0	49.0	11.529	6.097688	43.0403	65.7115707397461
9.0	49.0	12.559	6.097624	43.040302	65.91703033447266
9.0	49.0	14.534	6.097532	43.040295	66.21183776855469
9.0	49.0	15.544	6.097497	43.040289	66.35259246826172
9.0	49.0	18.543	6.097382	43.040285	66.75018310546875
9.0	49.0	19.524	6.097343	43.040284	66.94447326660156
9.0	49.0	22.542	6.097241	43.040273	67.61614990234375
9.0	49.0	23.545	6.09722	43.04027	67.79420471191406
9.0	49.0	31.526	6.097118	43.040224	68.20059204101562
9.0	49.0	32.55	6.097105	43.040221	68.28308868408203
9.0	49.0	38.546	6.096997	43.040194	68.61212158203125
9.0	49.0	39.519	6.096963	43.040191	68.70589447021484
9.0	49.0	41.545	6.096879	43.040186	68.95699310302734
9.0	49.0	42.543	6.096834	43.040184	69.04498291015625
9.0	49.0	49.546	6.096719	43.040173	68.83736419677734
9.0	49.0	50.553	6.096706	43.040173	68.72046661376953
9.0	49.0	54.547	6.096638	43.040127	68.49163055419922
9.0	49.0	55.537	6.09662	43.040102	68.35536193847656
9.0	49.0	59.589	6.09657	43.040041	67.65870666503906
9.0	50.0	0.631	6.096548	43.040027	67.4998550415039
9.0	50.0	5.543	6.096452	43.039987	67.0564956665039
9.0	50.0	6.616	6.096423	43.039977	67.01441955566406
9.0	50.0	8.538	6.096343	43.039952	66.89449310302734
9.0	50.0	9.459	6.096307	43.039939	66.8447494506836
9.0	50.0	11.542	6.096231	43.039917	66.67413330078125
9.0	50.0	12.538	6.096191	43.039908	66.5868148803711
9.0	50.0	15.541	6.096086	43.039888	66.23853302001953
9.0	50.0	16.545	6.096057	43.039883	66.18131256103516
9.0	50.0	20.456	6.095949	43.039858	65.84819030761719
9.0	50.0	21.615	6.095917	43.03986	65.68679809570312
9.0	50.0	24.572	6.095842	43.039912	65.17938995361328
9.0	50.0	25.537	6.095826	43.03993	64.99575805664062
9.0	50.0	29.536	6.095789	43.039997	64.26286315917969
9.0	50.0	30.715	6.09577	43.04001	64.03633117675781
9.0	50.0	37.545	6.095674	43.040063	62.347740173339844
9.0	50.0	38.555	6.095671	43.040068	62.115962982177734
9.0	50.0	45.594	6.095593	43.040123	61.29684829711914
9.0	50.0	46.554	6.095577	43.040129	61.28500747680664
9.0	50.0	53.544	6.095466	43.040159	61.394813537597656
9.0	50.0	54.551	6.095461	43.04016	61.352718353271484
9.0	51.0	4.068	6.09538	43.040196	61.37879180908203
9.0	51.0	4.524	6.095353	43.040214	61.39884567260742
9.0	51.0	8.596	6.095265	43.040268	61.416168212890625
9.0	51.0	9.518	6.095253	43.040275	61.405914306640625
9.0	51.0	15.546	6.09516	43.040329	61.554622650146484
9.0	51.0	16.55	6.095148	43.040336	61.649227142333984
9.0	51.0	26.474	6.095036	43.040372	61.978431701660156
9.0	51.0	27.554	6.095027	43.040369	61.982391357421875
9.0	51.0	47.546	6.094938	43.040369	61.41952133178711
9.0	51.0	48.494	6.094936	43.040369	61.41373062133789
9.0	51.0	49.549	6.094934	43.04037	61.4118537902832
9.0	51.0	50.542	6.09493	43.040374	61.40890121459961
9.0	52.0	6.551	6.094835	43.040323	62.6295051574707
9.0	52.0	7.541	6.09483	43.04032	62.628143310546875
9.0	52.0	24.527	6.094731	43.040275	62.08863830566406
9.0	52.0	25.546	6.094719	43.040275	62.0140495300293
9.0	52.0	30.442	6.094631	43.040324	61.49288558959961
9.0	52.0	31.54	6.094618	43.040337	61.350341796875
9.0	52.0	37.542	6.094529	43.040389	60.854530334472656
9.0	52.0	38.536	6.094507	43.04039	60.79313659667969
9.0	52.0	44.194	6.094384	43.040388	60.5390625
9.0	52.0	44.526	6.094362	43.04039	60.488765716552734
9.0	52.0	50.538	6.094247	43.040388	60.52922821044922
9.0	52.0	51.607	6.094229	43.040384	60.55947494506836
9.0	53.0	4.55	6.094206	43.040296	61.97629165649414
9.0	53.0	5.669	6.094215	43.040283	62.11735153198242
9.0	53.0	13.533	6.094204	43.040202	63.221763610839844
9.0	53.0	14.492	6.094196	43.04019	63.43479537963867
9.0	53.0	21.542	6.09416	43.040105	64.72460174560547
9.0	53.0	22.542	6.094159	43.040086	64.92855072021484
9.0	53.0	26.612	6.09416	43.039998	65.89754486083984
9.0	53.0	27.556	6.094169	43.039973	66.17028045654297
9.0	53.0	30.554	6.094186	43.039905	66.84793090820312
9.0	53.0	31.556	6.094189	43.039883	67.07975006103516
9.0	53.0	38.556	6.094178	43.039799	68.71195983886719
9.0	53.0	39.562	6.094182	43.039788	69.01375579833984
9.0	53.0	46.562	6.094125	43.039712	70.39456939697266
9.0	53.0	47.553	6.094111	43.039706	70.56297302246094
9.0	53.0	52.556	6.094017	43.039658	71.42884063720703
9.0	53.0	53.556	6.094003	43.039646	71.54347229003906
9.0	54.0	6.561	6.093948	43.039567	72.83661651611328
9.0	54.0	7.558	6.093944	43.039561	72.93402099609375
9.0	54.0	16.498	6.093944	43.039478	74.14588928222656
9.0	54.0	17.561	6.093936	43.03947	74.32378387451172
9.0	54.0	28.567	6.093878	43.039393	76.26046752929688
9.0	54.0	29.566	6.093879	43.039383	76.43000793457031
9.0	54.0	34.53	6.09392	43.0393	77.51437377929688
9.0	54.0	35.615	6.093935	43.039277	77.76847076416016
9.0	54.0	43.562	6.09392	43.039188	79.56087493896484
9.0	54.0	44.509	6.093907	43.039181	79.7535629272461
9.0	54.0	50.569	6.09382	43.039118	80.3020248413086
9.0	54.0	51.565	6.093815	43.039115	80.40998077392578
9.0	55.0	2.575	6.093771	43.03904	81.14596557617188
9.0	55.0	3.581	6.093768	43.039027	81.16068267822266
9.0	55.0	14.572	6.093814	43.038946	81.5718002319336
9.0	55.0	15.567	6.093806	43.038934	81.6141357421875
9.0	55.0	25.566	6.093806	43.038855	82.11564636230469
9.0	55.0	26.572	6.093808	43.038841	82.12232208251953
9.0	55.0	32.479	6.093861	43.038767	81.9374008178711
9.0	55.0	33.564	6.093867	43.038758	81.91159057617188
9.0	55.0	42.563	6.093856	43.038674	81.24718475341797
9.0	55.0	43.563	6.093853	43.038665	81.16426849365234
9.0	55.0	49.513	6.093882	43.038587	80.34902954101562
9.0	55.0	50.508	6.093892	43.038574	80.16120910644531
9.0	55.0	58.586	6.093965	43.038509	78.5833511352539
9.0	55.0	59.567	6.093985	43.038503	78.27977752685547
9.0	56.0	3.568	6.094087	43.038468	77.29627990722656
9.0	56.0	4.563	6.094121	43.038456	77.08171844482422
9.0	56.0	6.572	6.094206	43.038429	76.59471130371094
9.0	56.0	7.617	6.094246	43.038418	76.35791778564453
9.0	56.0	9.568	6.094318	43.038394	75.85693359375
9.0	56.0	10.569	6.094355	43.038373	75.56964111328125
9.0	56.0	13.603	6.094411	43.038304	74.95933532714844
9.0	56.0	14.564	6.094417	43.038284	74.79525756835938
9.0	56.0	18.563	6.094429	43.038196	74.28575134277344
9.0	56.0	20.592	6.094428	43.038169	74.18699645996094
9.0	56.0	24.297	6.094419	43.038084	74.1541976928711
9.0	56.0	25.239	6.094412	43.038062	74.1624526977539
9.0	56.0	29.734	6.094382	43.03799	74.31259155273438
9.0	56.0	30.756	6.094372	43.037971	74.36738586425781
9.0	56.0	35.864	6.094337	43.037884	74.81978607177734
9.0	56.0	36.811	6.094338	43.037874	74.90290069580078
9.0	56.0	41.809	6.09433	43.037794	75.66813659667969
9.0	56.0	42.807	6.094326	43.037774	75.83995819091797
9.0	56.0	46.806	6.094298	43.037694	76.69329833984375
9.0	56.0	47.813	6.094287	43.037673	76.93756103515625
9.0	56.0	51.808	6.094231	43.037596	77.85285949707031
9.0	56.0	52.807	6.094218	43.037584	78.03031921386719
9.0	57.0	1.932	6.094123	43.037531	79.42193603515625
9.0	57.0	2.819	6.094114	43.03753	79.4864273071289
9.0	57.0	11.813	6.093993	43.037543	79.8717269897461
9.0	57.0	12.812	6.093972	43.037547	79.85758209228516
9.0	57.0	21.816	6.09386	43.037562	79.68399047851562
9.0	57.0	22.809	6.093839	43.037564	79.7212905883789
9.0	57.0	30.811	6.093747	43.037554	80.00167083740234
9.0	57.0	31.808	6.093746	43.037554	80.05857849121094
9.0	57.0	32.81	6.093743	43.037554	80.1338119506836
9.0	57.0	33.809	6.093735	43.037554	80.19216918945312
9.0	57.0	46.811	6.093645	43.037529	81.44456481933594
9.0	57.0	47.817	6.093646	43.037532	81.43927001953125
9.0	57.0	48.812	6.093649	43.037536	81.4334487915039
9.0	57.0	49.806	6.093655	43.037538	81.38059997558594
9.0	57.0	57.819	6.093697	43.037464	82.121337890625
9.0	57.0	58.816	6.093707	43.037444	82.24938201904297
9.0	58.0	2.823	6.093731	43.037365	82.53399658203125
9.0	58.0	3.866	6.093736	43.037353	82.69564056396484
9.0	58.0	11.812	6.093755	43.037267	83.77910614013672
9.0	58.0	12.812	6.093759	43.037259	83.9194107055664
9.0	58.0	18.818	6.093751	43.03717	84.73685455322266
9.0	58.0	19.819	6.093743	43.037161	84.7490463256836
9.0	58.0	25.817	6.093649	43.037127	84.76360321044922
9.0	58.0	26.864	6.093623	43.037112	84.79169464111328
9.0	58.0	32.818	6.093514	43.03707	84.60985565185547
9.0	58.0	33.819	6.093497	43.037069	84.56968688964844
9.0	58.0	41.818	6.093389	43.037051	84.30642700195312
9.0	58.0	42.817	6.093377	43.037044	84.31697082519531
9.0	58.0	50.821	6.093279	43.037006	84.75985717773438
9.0	58.0	51.818	6.093264	43.037004	84.81465911865234
9.0	58.0	56.815	6.093155	43.036962	84.88858032226562
9.0	58.0	57.822	6.093146	43.036954	84.85491943359375
9.0	59.0	9.847	6.09306	43.036891	85.04281616210938
9.0	59.0	10.873	6.093053	43.036888	85.11780548095703
9.0	59.0	17.824	6.092944	43.03688	85.3069076538086
9.0	59.0	18.821	6.092908	43.036874	85.3081283569336
9.0	59.0	28.817	6.092818	43.036815	85.3865966796875
9.0	59.0	29.763	6.092817	43.036812	85.37944793701172
9.0	59.0	49.813	6.092714	43.036767	84.47271728515625
9.0	59.0	50.814	6.092702	43.036766	84.37841033935547
9.0	59.0	55.813	6.092634	43.036699	84.19824981689453
9.0	59.0	56.812	6.092628	43.036679	84.19452667236328
10.0	0.0	7.95	6.092586	43.036595	84.85995483398438
10.0	0.0	9.01	6.09257	43.036594	84.99789428710938
10.0	0.0	16.01	6.092455	43.036614	86.27794647216797
10.0	0.0	17.019	6.092442	43.036618	86.41913604736328
10.0	0.0	24.008	6.092326	43.036646	86.88729095458984
10.0	0.0	25.007	6.092325	43.036648	86.89256286621094
10.0	0.0	35.009	6.092208	43.036655	87.64946746826172
10.0	0.0	36.011	6.0922	43.036651	87.7294921875
10.0	0.0	47.018	6.092143	43.036571	88.3862533569336
10.0	0.0	48.011	6.092126	43.036558	88.50459289550781
10.0	0.0	53.012	6.092052	43.03649	88.78077697753906
10.0	0.0	54.017	6.092035	43.036473	88.82129669189453
10.0	0.0	58.017	6.091947	43.036423	88.84998321533203
10.0	0.0	59.014	6.091928	43.036417	88.81114196777344
10.0	1.0	12.013	6.091877	43.036344	89.06159973144531
10.0	1.0	13.013	6.091868	43.036337	89.110595703125
10.0	1.0	21.04	6.091754	43.03631	88.85470581054688
10.0	1.0	22.009	6.09174	43.036303	88.75260925292969
10.0	1.0	31.014	6.09173	43.036214	88.03780364990234
10.0	1.0	32.015	6.091737	43.036202	87.96054077148438
10.0	1.0	39.938	6.091678	43.036129	87.4726333618164
10.0	1.0	41.078	6.091665	43.036117	87.42354583740234
10.0	1.0	51.015	6.09172	43.03604	86.4423828125
10.0	1.0	52.02	6.091739	43.036033	86.37985229492188
10.0	1.0	59.01	6.091826	43.035979	85.75515747070312
10.0	1.0	59.916	6.091845	43.035973	85.74089050292969
10.0	2.0	7.018	6.091918	43.035902	85.54991912841797
10.0	2.0	8.025	6.091932	43.035897	85.56758117675781
10.0	2.0	17.018	6.092052	43.035912	86.50188446044922
10.0	2.0	18.011	6.092063	43.035924	86.67485046386719
10.0	2.0	24.178	6.092149	43.035978	87.7038345336914
10.0	2.0	25.134	6.092177	43.035979	87.84786224365234
10.0	2.0	31.172	6.092297	43.035961	88.28834533691406
10.0	2.0	32.165	6.092309	43.035955	88.36883544921875
10.0	2.0	39.208	6.092398	43.035908	89.12571716308594
10.0	2.0	40.105	6.092411	43.035898	89.26712036132812
10.0	2.0	48.162	6.092505	43.035844	90.00700378417969
10.0	2.0	49.177	6.092516	43.035841	90.0956039428711
10.0	2.0	57.17	6.092598	43.035788	90.71766662597656
10.0	2.0	58.228	6.092622	43.035784	90.78826141357422
10.0	3.0	4.167	6.092711	43.035735	91.20345306396484
10.0	3.0	5.13	6.092726	43.035723	91.2689208984375
10.0	3.0	16.167	6.092662	43.035654	92.32744598388672
10.0	3.0	17.175	6.092656	43.035648	92.44915008544922
10.0	3.0	25.782	6.092715	43.035572	93.26803588867188
10.0	3.0	26.786	6.092722	43.035557	93.35389709472656
10.0	3.0	34.779	6.092704	43.035473	94.10797119140625
10.0	3.0	35.702	6.092704	43.035464	94.20985412597656
10.0	3.0	44.777	6.092803	43.035416	95.29115295410156
10.0	3.0	45.713	6.092815	43.035414	95.38184356689453
10.0	3.0	53.775	6.092898	43.035354	96.16169738769531
10.0	3.0	54.79	6.092911	43.035348	96.27704620361328
10.0	4.0	2.782	6.093019	43.035311	97.1628189086914
10.0	4.0	3.781	6.093027	43.035307	97.26305389404297
10.0	4.0	15.777	6.093105	43.035246	98.52159118652344
10.0	4.0	15.831	6.093116	43.035237	98.67613983154297
10.0	4.0	20.869	6.093186	43.035182	99.21240234375
10.0	4.0	21.78	6.093201	43.035171	99.38169860839844
10.0	4.0	25.897	6.093269	43.035123	99.96492767333984
10.0	4.0	26.772	6.093301	43.035108	100.1147232055664
10.0	4.0	30.776	6.09338	43.035041	100.57347106933594
10.0	4.0	31.774	6.093388	43.03503	100.63125610351562
10.0	4.0	43.776	6.093485	43.034981	101.18191528320312
10.0	4.0	44.777	6.093501	43.034966	101.27659606933594
10.0	4.0	47.783	6.093555	43.034895	101.59825897216797
10.0	4.0	48.777	6.093577	43.034869	101.70630645751953
10.0	4.0	50.776	6.09362	43.034812	101.88277435302734
10.0	4.0	51.774	6.093648	43.034783	101.95683288574219
10.0	4.0	55.778	6.093701	43.034719	102.2185287475586
10.0	4.0	56.776	6.093705	43.034702	102.26299285888672
10.0	4.0	59.777	6.093726	43.034639	102.29389953613281
10.0	5.0	0.667	6.09374	43.034613	102.27800750732422
10.0	5.0	3.781	6.093786	43.034535	102.31031036376953
10.0	5.0	4.692	6.093804	43.034514	102.31481170654297
10.0	5.0	7.784	6.093865	43.034451	102.26416015625
10.0	5.0	8.782	6.093884	43.034435	102.23110961914062
10.0	5.0	12.776	6.093947	43.034368	102.09666442871094
10.0	5.0	13.776	6.093968	43.034353	102.13886260986328
10.0	5.0	18.775	6.094068	43.034307	102.0881118774414
10.0	5.0	19.773	6.09409	43.034304	102.04996490478516
10.0	5.0	22.775	6.0942	43.034292	102.0711669921875
10.0	5.0	23.774	6.094243	43.03429	102.11530303955078
10.0	5.0	27.783	6.094346	43.034308	102.29463958740234
10.0	5.0	28.775	6.094367	43.034313	102.37967681884766
10.0	5.0	33.776	6.094457	43.034272	102.50035858154297
10.0	5.0	34.777	6.094489	43.03427	102.42532348632812
10.0	5.0	39.773	6.094602	43.03429	102.0347900390625
10.0	5.0	40.773	6.094613	43.034297	101.86993408203125
10.0	5.0	45.772	6.094717	43.034336	101.38414001464844
10.0	5.0	46.776	6.094741	43.034342	101.31668090820312
10.0	5.0	50.774	6.094843	43.034354	101.31346130371094
10.0	5.0	51.771	6.094871	43.034355	101.3409652709961
10.0	5.0	56.777	6.094964	43.034323	101.40518188476562
10.0	5.0	57.784	6.094983	43.034314	101.44821166992188
10.0	6.0	0.745	6.095082	43.034285	101.94315338134766
10.0	6.0	1.793	6.095108	43.034277	102.09265899658203
10.0	6.0	5.81	6.09519	43.034239	102.60189056396484
10.0	6.0	6.862	6.095211	43.034227	102.73287963867188
10.0	6.0	10.902	6.095315	43.034193	103.36669158935547
10.0	6.0	11.855	6.095341	43.034188	103.52450561523438
10.0	6.0	15.182	6.095437	43.034175	104.24298858642578
10.0	6.0	15.856	6.095466	43.034174	104.46392059326172
10.0	6.0	19.861	6.095574	43.03417	105.12603759765625
10.0	6.0	20.854	6.095592	43.03417	105.2901382446289
10.0	6.0	32.854	6.095701	43.034178	107.39320373535156
10.0	6.0	33.855	6.095714	43.034179	107.60894775390625
10.0	6.0	38.849	6.095823	43.034188	108.05998992919922
10.0	6.0	39.85	6.095848	43.034192	108.0929183959961
10.0	6.0	48.854	6.095947	43.034228	108.76367950439453
10.0	6.0	49.851	6.095959	43.034231	108.9145736694336
10.0	6.0	58.854	6.09607	43.034266	109.89848327636719
10.0	6.0	59.858	6.096086	43.034268	109.99547576904297
10.0	7.0	10.906	6.096206	43.034286	111.547607421875
10.0	7.0	11.857	6.096223	43.034284	111.71568298339844
10.0	7.0	17.852	6.096337	43.034312	112.61199188232422
10.0	7.0	18.853	6.096348	43.034316	112.7162857055664
10.0	7.0	30.902	6.096465	43.034327	113.67200469970703
10.0	7.0	31.794	6.096476	43.034328	113.6668472290039
10.0	7.0	40.853	6.096583	43.034293	114.00074768066406
10.0	7.0	41.922	6.096592	43.034288	114.11078643798828
10.0	7.0	45.758	6.09669	43.034273	114.43563079833984
10.0	7.0	46.755	6.096717	43.034262	114.4806900024414
10.0	7.0	51.854	6.0968	43.034211	114.60118865966797
10.0	7.0	52.803	6.096822	43.0342	114.55598449707031
10.0	7.0	55.933	6.096898	43.034162	114.38597869873047
10.0	7.0	56.904	6.096921	43.034145	114.33483123779297
10.0	8.0	2.855	6.097004	43.034082	114.12874603271484
10.0	8.0	3.854	6.097013	43.034075	114.05332946777344
10.0	8.0	10.859	6.09709	43.034027	113.40201568603516
10.0	8.0	11.862	6.09711	43.034019	113.1939926147461
10.0	8.0	16.894	6.097212	43.033975	112.68275451660156
10.0	8.0	17.853	6.09723	43.033963	112.56706237792969
10.0	8.0	25.85	6.097285	43.033884	111.40327453613281
10.0	8.0	26.86	6.09729	43.033877	111.2723159790039
10.0	8.0	35.85	6.097365	43.033828	110.7905502319336
10.0	8.0	36.858	6.097396	43.033826	110.69445037841797
10.0	8.0	40.848	6.097516	43.033832	110.58673095703125
10.0	8.0	41.851	6.097542	43.033832	110.5018539428711
10.0	8.0	44.851	6.097646	43.033794	110.3936538696289
10.0	8.0	45.852	6.097698	43.033768	110.41143798828125
10.0	8.0	47.848	6.097795	43.033719	110.36585998535156
10.0	8.0	48.85	6.097843	43.0337	110.3727798461914
10.0	8.0	51.853	6.097946	43.03367	110.45650482177734
10.0	8.0	52.851	6.097969	43.033665	110.45889282226562
10.0	8.0	56.864	6.098079	43.033646	110.73540496826172
10.0	8.0	57.853	6.098107	43.033638	110.80329895019531
10.0	9.0	0.743	6.098193	43.033604	110.99788665771484
10.0	9.0	1.852	6.098223	43.03359	111.05712127685547
10.0	9.0	5.85	6.098302	43.033526	111.4006118774414
10.0	9.0	6.857	6.098309	43.033509	111.49391174316406
10.0	9.0	11.752	6.098349	43.033433	112.0391616821289
10.0	9.0	12.849	6.098358	43.033422	112.20507049560547
10.0	9.0	19.888	6.098426	43.033349	112.84944915771484
10.0	9.0	20.722	6.098428	43.033343	112.95980834960938
10.0	9.0	31.135	6.098468	43.033262	114.3449935913086
10.0	9.0	32.108	6.098471	43.033257	114.51487731933594
10.0	9.0	42.188	6.098559	43.033201	116.32996368408203
10.0	9.0	43.199	6.098568	43.033192	116.58960723876953
10.0	9.0	49.207	6.098526	43.033117	118.00162506103516
10.0	9.0	50.204	6.09851	43.0331	118.26397705078125
10.0	9.0	58.206	6.098518	43.033026	120.03331756591797
10.0	9.0	59.206	6.098513	43.033027	120.2296142578125
10.0	10.0	0.244	6.098515	43.033025	120.40252685546875
10.0	10.0	1.143	6.09852	43.033022	120.59082794189453
10.0	10.0	12.203	6.098585	43.032949	121.84738159179688
10.0	10.0	13.199	6.098591	43.032938	121.92562103271484
10.0	10.0	23.199	6.098617	43.032856	123.46766662597656
10.0	10.0	24.202	6.098619	43.032847	123.67279815673828
10.0	10.0	33.197	6.098599	43.032762	125.48161315917969
10.0	10.0	34.098	6.098588	43.032744	125.72586059570312
10.0	10.0	42.211	6.098526	43.032671	127.13139343261719
10.0	10.0	43.206	6.098522	43.032658	127.30652618408203
10.0	10.0	49.21	6.098484	43.032576	128.2891387939453
10.0	10.0	50.306	6.098477	43.032564	128.418701171875
10.0	10.0	55.133	6.098439	43.032486	129.10484313964844
10.0	10.0	56.209	6.098426	43.032462	129.20567321777344
10.0	11.0	0.149	6.098393	43.032389	129.6649169921875
10.0	11.0	1.208	6.09839	43.032372	129.82266235351562
10.0	11.0	5.212	6.09841	43.032293	130.26255798339844
10.0	11.0	6.211	6.098419	43.032277	130.32550048828125
10.0	11.0	10.212	6.098472	43.032208	130.38221740722656
10.0	11.0	11.209	6.098481	43.032189	130.3630828857422
10.0	11.0	17.216	6.098533	43.032114	130.3050079345703
10.0	11.0	18.237	6.098545	43.0321	130.3104248046875
10.0	11.0	22.208	6.098603	43.032042	130.4401092529297
10.0	11.0	23.206	6.098622	43.032029	130.5052490234375
10.0	11.0	27.211	6.098687	43.031969	130.79054260253906
10.0	11.0	28.209	6.098696	43.031956	130.82650756835938
10.0	11.0	32.201	6.098677	43.031878	131.22784423828125
10.0	11.0	33.204	6.098664	43.031851	131.3563232421875
10.0	11.0	35.204	6.09862	43.031789	131.53221130371094
10.0	11.0	36.196	6.098598	43.031761	131.63426208496094
10.0	11.0	39.206	6.098527	43.031694	131.94287109375
10.0	11.0	40.195	6.09851	43.031678	132.1188507080078
10.0	11.0	44.193	6.098435	43.031607	132.84706115722656
10.0	11.0	45.192	6.098412	43.031588	133.08480834960938
10.0	11.0	50.2	6.098333	43.031533	133.97750854492188
10.0	11.0	51.199	6.098317	43.031523	134.1698455810547
10.0	11.0	57.21	6.09821	43.031496	135.10606384277344
10.0	11.0	58.203	6.098195	43.031491	135.2369384765625
10.0	12.0	5.199	6.098092	43.031447	135.95675659179688
10.0	12.0	6.201	6.098082	43.031443	136.1171417236328
10.0	12.0	13.206	6.098012	43.031373	136.67193603515625
10.0	12.0	14.208	6.098	43.031355	136.67501831054688
10.0	12.0	21.132	6.097946	43.031291	136.492919921875
10.0	12.0	22.205	6.097933	43.031277	136.5467987060547
10.0	12.0	27.207	6.097887	43.031202	136.7628936767578
10.0	12.0	28.197	6.097881	43.03119	136.73678588867188
10.0	12.0	35.201	6.097832	43.031124	136.7602081298828
10.0	12.0	36.196	6.097819	43.031098	136.7268829345703
10.0	12.0	38.194	6.097778	43.031029	136.6776123046875
10.0	12.0	39.195	6.09775	43.030996	136.6726837158203
10.0	12.0	42.199	6.097685	43.03092	136.535888671875
10.0	12.0	43.198	6.097671	43.030905	136.51889038085938
10.0	12.0	47.209	6.097611	43.030842	136.6948699951172
10.0	12.0	48.201	6.097599	43.030826	136.7129669189453
10.0	12.0	54.565	6.097499	43.030775	136.66290283203125
10.0	12.0	55.143	6.097475	43.03078	136.7243194580078
10.0	13.0	3.207	6.097372	43.030772	136.932861328125
10.0	13.0	4.21	6.097353	43.030766	136.88613891601562
10.0	13.0	6.211	6.097272	43.030737	136.82049560546875
10.0	13.0	7.214	6.09724	43.030727	136.7893524169922
10.0	13.0	11.2	6.097136	43.030712	136.85525512695312
10.0	13.0	12.204	6.097119	43.03071	136.83079528808594
10.0	13.0	19.167	6.097	43.030695	136.48834228515625
10.0	13.0	20.217	6.096981	43.030691	136.49014282226562
10.0	13.0	28.206	6.096893	43.030646	136.39414978027344
10.0	13.0	29.204	6.09688	43.030636	136.32777404785156
10.0	13.0	36.201	6.096831	43.030554	135.57830810546875
10.0	13.0	37.217	6.096829	43.030543	135.40626525878906
10.0	13.0	43.248	6.096789	43.030459	134.222412109375
10.0	13.0	44.201	6.096786	43.030454	134.06671142578125
10.0	13.0	50.143	6.096758	43.030373	132.90074157714844
10.0	13.0	51.206	6.096759	43.030358	132.70025634765625
10.0	13.0	56.207	6.096751	43.030287	131.6282958984375
10.0	13.0	57.213	6.096741	43.030266	131.43685913085938
10.0	14.0	5.201	6.096739	43.030182	129.8737335205078
10.0	14.0	6.204	6.096738	43.030174	129.7002410888672
10.0	14.0	10.123	6.09672	43.030104	128.8822479248047
10.0	14.0	11.202	6.096716	43.030068	128.6942596435547
10.0	14.0	13.202	6.096707	43.029985	128.3444061279297
10.0	14.0	14.204	6.096704	43.029951	128.1721649169922
10.0	14.0	16.208	6.096697	43.029882	127.71583557128906
10.0	14.0	17.218	6.096691	43.029857	127.51505279541016
10.0	14.0	21.208	6.096676	43.029774	126.72638702392578
10.0	14.0	22.201	6.096683	43.029761	126.54105377197266
10.0	14.0	25.12	6.096711	43.029703	126.08670806884766
10.0	14.0	26.208	6.096702	43.029669	125.9371337890625
10.0	14.0	28.202	6.096656	43.029605	125.55340576171875
10.0	14.0	29.203	6.096619	43.029574	125.39833068847656
10.0	14.0	32.202	6.096542	43.029507	124.83433532714844
10.0	14.0	33.201	6.096524	43.02949	124.55422973632812
10.0	14.0	37.209	6.096457	43.029419	123.74787139892578
10.0	14.0	38.204	6.096442	43.029404	123.64051818847656
10.0	14.0	41.207	6.09639	43.02935	123.4543228149414
10.0	14.0	42.206	6.096367	43.02932	123.34900665283203
10.0	14.0	44.208	6.096316	43.029263	123.06221771240234
10.0	14.0	45.206	6.09629	43.029234	122.97383880615234
10.0	14.0	48.207	6.096228	43.02918	122.76029205322266
10.0	14.0	49.206	6.096213	43.029162	122.68656158447266
10.0	14.0	53.208	6.096188	43.029084	122.56368255615234
10.0	14.0	54.276	6.096194	43.029071	122.51514434814453
10.0	15.0	2.257	6.096261	43.029	120.90257263183594
10.0	15.0	3.21	6.096269	43.028991	120.6575927734375
10.0	15.0	11.22	6.096317	43.028915	119.20232391357422
10.0	15.0	12.208	6.096323	43.028908	119.11040496826172
10.0	15.0	21.143	6.096362	43.028835	116.86486053466797
10.0	15.0	22.139	6.096367	43.028822	116.52941131591797
10.0	15.0	27.206	6.096397	43.028745	115.40200805664062
10.0	15.0	28.198	6.096404	43.028726	115.03377532958984
10.0	15.0	34.199	6.096448	43.028647	113.46601104736328
10.0	15.0	35.253	6.096451	43.028637	113.19085693359375
10.0	15.0	39.198	6.096482	43.028573	112.14287567138672
10.0	15.0	40.252	6.096501	43.028553	111.9022216796875
10.0	15.0	45.202	6.09658	43.028489	110.25595092773438
10.0	15.0	46.202	6.09659	43.028483	109.98344421386719
10.0	15.0	56.27	6.09665	43.02841	107.88761901855469
10.0	15.0	57.211	6.096662	43.028397	107.70603942871094
10.0	16.0	0.206	6.096729	43.028344	106.98110961914062
10.0	16.0	1.208	6.096751	43.028331	106.77649688720703
10.0	16.0	13.208	6.096866	43.028307	104.89642333984375
10.0	16.0	14.209	6.096885	43.028302	104.73332214355469
10.0	16.0	37.214	6.096974	43.028353	102.69001007080078
10.0	16.0	38.21	6.096973	43.028368	102.65455627441406
10.0	16.0	47.254	6.097001	43.028447	102.4725112915039
10.0	16.0	48.212	6.097006	43.028456	102.5015869140625
10.0	16.0	59.237	6.097033	43.028541	105.20745086669922
10.0	17.0	0.245	6.097033	43.02855	105.45449829101562
10.0	17.0	17.269	6.097003	43.028636	107.76612091064453
10.0	17.0	18.142	6.097005	43.028641	107.99225616455078
10.0	17.0	28.224	6.097002	43.02873	110.1959457397461
10.0	17.0	29.218	6.097003	43.028735	110.42888641357422
10.0	17.0	46.226	6.096997	43.028821	115.4072265625
10.0	17.0	47.232	6.09699	43.028828	115.88282012939453
10.0	17.0	53.227	6.097012	43.028908	118.29826354980469
10.0	17.0	54.228	6.097017	43.028919	118.5934066772461
10.0	18.0	4.224	6.097057	43.028998	120.56155395507812
10.0	18.0	5.206	6.097056	43.029008	120.75469970703125
10.0	18.0	18.227	6.097108	43.029085	122.47982025146484
10.0	18.0	19.228	6.097116	43.029091	122.6068115234375
10.0	18.0	29.228	6.097196	43.029152	124.4894790649414
10.0	18.0	30.271	6.097207	43.029158	124.83362579345703
10.0	18.0	37.24	6.097318	43.029181	126.86793518066406
10.0	18.0	38.223	6.097336	43.029183	127.11783599853516
10.0	18.0	55.232	6.097427	43.029235	130.72776794433594
10.0	18.0	56.23	6.097439	43.029237	130.93075561523438
10.0	19.0	9.232	6.097545	43.029241	133.6379852294922
10.0	19.0	10.231	6.097561	43.029235	133.83323669433594
10.0	19.0	15.231	6.097657	43.029214	134.88941955566406
10.0	19.0	16.228	6.097684	43.029209	135.0690155029297
10.0	19.0	23.229	6.097783	43.029171	136.23031616210938
10.0	19.0	24.23	6.097803	43.029167	136.37603759765625
10.0	19.0	28.228	6.097908	43.02919	137.17971801757812
10.0	19.0	29.229	6.097925	43.029191	137.38929748535156
10.0	19.0	35.177	6.098042	43.029198	138.07528686523438
10.0	19.0	36.238	6.098055	43.029196	138.16685485839844
10.0	19.0	43.231	6.098154	43.029205	138.87551879882812
10.0	19.0	44.234	6.098177	43.029207	138.96221923828125
10.0	19.0	49.233	6.098285	43.029229	139.4208984375
10.0	19.0	50.156	6.098302	43.029239	139.49520874023438
10.0	19.0	56.224	6.098385	43.029297	140.05181884765625
10.0	19.0	57.232	6.098394	43.029307	140.202392578125
10.0	20.0	5.224	6.098456	43.029372	141.27757263183594
10.0	20.0	6.22	6.09846	43.029385	141.39837646484375
10.0	20.0	14.762	6.098543	43.029445	142.1053466796875
10.0	20.0	15.727	6.098553	43.029451	142.16793823242188
10.0	20.0	22.766	6.098566	43.029531	142.63743591308594
10.0	20.0	23.812	6.098563	43.029543	142.68992614746094
10.0	20.0	34.813	6.098577	43.029623	143.4847412109375
10.0	20.0	35.755	6.098596	43.029639	143.53448486328125
10.0	20.0	45.852	6.098668	43.029705	143.8249969482422
10.0	20.0	46.845	6.098674	43.02971	143.8198699951172
10.0	20.0	57.825	6.098789	43.02973	142.92515563964844
10.0	20.0	58.755	6.098801	43.029732	142.8144073486328
10.0	21.0	7.865	6.09891	43.029772	141.83668518066406
10.0	21.0	8.809	6.098915	43.029779	141.76524353027344
10.0	21.0	20.717	6.09895	43.029856	139.2252197265625
10.0	21.0	21.816	6.098954	43.029867	138.9458465576172
10.0	21.0	27.817	6.099056	43.029889	138.10589599609375
10.0	21.0	28.711	6.099075	43.02989	137.8802947998047
10.0	21.0	40.223	6.099192	43.02991	135.2635498046875
10.0	21.0	41.23	6.099205	43.029913	134.93536376953125
10.0	21.0	51.2	6.099301	43.029966	132.0852813720703
10.0	21.0	52.216	6.099325	43.029977	131.81771850585938
10.0	21.0	55.201	6.099424	43.030002	131.08612060546875
10.0	21.0	56.199	6.099456	43.030013	130.91419982910156
10.0	21.0	59.201	6.099553	43.030056	130.57589721679688
10.0	22.0	0.217	6.099581	43.030067	130.43624877929688
10.0	22.0	3.199	6.09967	43.030097	129.92567443847656
10.0	22.0	4.197	6.099695	43.030109	129.83396911621094
10.0	22.0	8.2	6.099786	43.030144	129.4833221435547
10.0	22.0	9.2	6.09981	43.030148	129.35800170898438
10.0	22.0	12.245	6.099908	43.030162	129.05238342285156
10.0	22.0	13.2	6.099945	43.030168	128.9268035888672
10.0	22.0	15.197	6.100028	43.030183	128.6201934814453
10.0	22.0	16.198	6.100066	43.030189	128.45303344726562
10.0	22.0	19.199	6.100181	43.030209	127.85249328613281
10.0	22.0	20.199	6.100224	43.030212	127.57057189941406
10.0	22.0	23.199	6.10033	43.030202	126.80115509033203
10.0	22.0	24.198	6.100365	43.030199	126.55958557128906
10.0	22.0	27.202	6.100474	43.030173	125.84860229492188
10.0	22.0	28.094	6.100516	43.030152	125.5514907836914
10.0	22.0	32.121	6.100574	43.030083	124.1478500366211
10.0	22.0	33.201	6.100569	43.030066	123.8067855834961
10.0	22.0	43.195	6.100569	43.029989	121.48175811767578
10.0	22.0	44.254	6.100572	43.029968	121.10769653320312
10.0	22.0	51.2	6.100557	43.029883	119.69468688964844
10.0	22.0	52.197	6.100556	43.029878	119.64965057373047
10.0	22.0	57.203	6.100629	43.029826	118.08914184570312
10.0	22.0	58.199	6.100656	43.029812	117.68946075439453
10.0	23.0	1.197	6.100737	43.029778	116.63785552978516
10.0	23.0	2.198	6.100772	43.029764	116.30953216552734
10.0	23.0	4.197	6.100845	43.029732	115.65625
10.0	23.0	5.199	6.100883	43.02971	115.36235809326172
10.0	23.0	7.207	6.100974	43.029653	114.74597930908203
10.0	23.0	8.246	6.101019	43.029626	114.51516723632812
10.0	23.0	10.199	6.101097	43.02958	114.1181411743164
10.0	23.0	11.2	6.101123	43.029562	113.90325164794922
10.0	23.0	15.198	6.1012	43.0295	113.16388702392578
10.0	23.0	16.196	6.101221	43.029487	112.94100952148438
10.0	23.0	21.137	6.10131	43.029432	111.84148406982422
10.0	23.0	22.293	6.101321	43.029418	111.66688537597656
10.0	23.0	29.195	6.101349	43.029333	110.38777923583984
10.0	23.0	30.108	6.101352	43.029321	110.22579956054688
10.0	23.0	35.132	6.101405	43.029246	109.55180358886719
10.0	23.0	36.204	6.101417	43.029236	109.46170043945312
10.0	23.0	42.203	6.101511	43.029186	109.14486694335938
10.0	23.0	43.14	6.101526	43.029174	109.09502410888672
10.0	23.0	51.192	6.1016	43.029104	108.957763671875
10.0	23.0	52.205	6.10161	43.029094	108.96857452392578
10.0	23.0	59.202	6.101665	43.029016	109.14234924316406
10.0	24.0	0.309	6.10167	43.029009	109.18402099609375
10.0	24.0	9.199	6.101758	43.028947	109.3017349243164
10.0	24.0	10.197	6.101765	43.028937	109.34801483154297
10.0	24.0	19.199	6.101833	43.028866	110.02044677734375
10.0	24.0	20.2	6.101844	43.02886	110.08182525634766
10.0	24.0	28.196	6.101928	43.028799	110.84883117675781
10.0	24.0	29.195	6.101938	43.028793	110.93157958984375
10.0	24.0	39.196	6.102002	43.028733	112.18173217773438
10.0	24.0	40.143	6.102013	43.028718	112.36536407470703
10.0	24.0	47.205	6.102061	43.028646	113.34041595458984
10.0	24.0	48.198	6.102063	43.028634	113.45146179199219
10.0	25.0	5.204	6.102082	43.028551	115.19485473632812
10.0	25.0	6.208	6.102086	43.028541	115.29129791259766
10.0	25.0	13.196	6.102181	43.028485	116.42543029785156
10.0	25.0	14.201	6.102193	43.028482	116.64260864257812
10.0	25.0	21.15	6.102294	43.028473	118.08308410644531
10.0	25.0	22.206	6.102316	43.028469	118.22149658203125
10.0	25.0	30.186	6.102417	43.028428	119.43736267089844
10.0	25.0	31.239	6.10243	43.028418	119.60015106201172
10.0	25.0	43.212	6.102536	43.028447	121.77788543701172
10.0	25.0	44.198	6.102548	43.028449	121.85314178466797
10.0	25.0	58.201	6.102656	43.028486	121.57234954833984
10.0	25.0	59.244	6.10266	43.028488	121.56680297851562
10.0	26.0	9.214	6.102781	43.028482	120.09286499023438
10.0	26.0	10.142	6.102789	43.02848	119.82933807373047
10.0	26.0	34.97	6.102911	43.028474	115.63530731201172
10.0	26.0	36.068	6.102919	43.028469	115.34017181396484
10.0	26.0	54.111	6.102951	43.028382	111.16593933105469
10.0	26.0	55.007	6.102949	43.02838	110.8329849243164
10.0	27.0	15.858	6.102984	43.028307	104.99614715576172
10.0	27.0	16.954	6.102984	43.028307	104.973388671875
10.0	27.0	20.998	6.102986	43.028304	104.6285171508789
10.0	27.0	21.953	6.102988	43.028301	104.3094253540039
10.0	27.0	26.955	6.103004	43.028292	103.46856689453125
10.0	27.0	27.959	6.103002	43.028291	103.27255249023438
10.0	27.0	28.95	6.102996	43.028289	103.11507415771484
10.0	27.0	29.951	6.102991	43.028285	102.9963607788086
10.0	27.0	43.852	6.103086	43.028305	99.72956848144531
10.0	27.0	44.881	6.10311	43.028329	99.44171142578125
10.0	27.0	48.969	6.103165	43.028404	98.28705596923828
10.0	27.0	50.01	6.103172	43.028413	98.03715515136719
10.0	27.0	57.957	6.103236	43.028477	96.05351257324219
10.0	27.0	58.961	6.103249	43.028488	95.84771728515625
10.0	28.0	12.017	6.10333	43.028548	93.4359359741211
10.0	28.0	12.95	6.103342	43.028554	93.0521011352539
10.0	28.0	18.947	6.103422	43.02861	91.45362091064453
10.0	28.0	19.944	6.103436	43.028625	91.22022247314453
10.0	28.0	24.947	6.103473	43.028706	89.96664428710938
10.0	28.0	25.917	6.103482	43.028715	89.70972442626953
10.0	28.0	31.056	6.103508	43.02879	88.48307800292969
10.0	28.0	31.971	6.103515	43.028811	88.21505737304688
10.0	28.0	36.961	6.103531	43.02889	86.93645477294922
10.0	28.0	38.004	6.103531	43.028901	86.6832046508789
10.0	28.0	51.978	6.103581	43.028978	84.49651336669922
10.0	28.0	52.971	6.103582	43.028987	84.26470947265625
10.0	29.0	0.984	6.103599	43.029068	83.0465316772461
10.0	29.0	1.963	6.103605	43.029082	82.81340789794922
10.0	29.0	6.959	6.103638	43.029156	81.76465606689453
10.0	29.0	7.99	6.103646	43.029171	81.59504699707031
10.0	29.0	10.967	6.103658	43.029238	81.00047302246094
10.0	29.0	11.966	6.103658	43.02926	80.8329086303711
10.0	29.0	22.964	6.103653	43.029343	79.48178100585938
10.0	29.0	23.956	6.103653	43.029355	79.32405853271484
10.0	29.0	31.998	6.103648	43.029438	77.92726135253906
10.0	29.0	32.965	6.103647	43.029448	77.75575256347656
10.0	29.0	39.963	6.103602	43.02952	75.74058532714844
10.0	29.0	40.887	6.10359	43.029532	75.39099884033203
10.0	29.0	54.959	6.103497	43.029589	71.56810760498047
10.0	29.0	56.002	6.103489	43.029593	71.2283706665039
10.0	30.0	1.983	6.103401	43.029621	69.59131622314453
10.0	30.0	2.987	6.103376	43.029631	69.34843444824219
10.0	30.0	6.98	6.103296	43.029688	68.51814270019531
10.0	30.0	7.982	6.103287	43.029698	68.35017395019531
10.0	30.0	23.979	6.103332	43.029776	68.46076202392578
10.0	30.0	24.861	6.103335	43.029787	68.5472640991211
10.0	30.0	28.977	6.103367	43.029873	68.73479461669922
10.0	30.0	29.978	6.103376	43.029897	68.853271484375
10.0	30.0	37.987	6.103365	43.029985	69.55426025390625
10.0	30.0	38.974	6.103358	43.029993	69.66537475585938
10.0	30.0	46.975	6.103362	43.030073	69.86900329589844
10.0	30.0	47.989	6.103359	43.030089	69.8671875
10.0	30.0	57.983	6.103389	43.030174	70.72840881347656
10.0	30.0	58.97	6.103391	43.030183	70.85173797607422
10.0	31.0	9.981	6.103386	43.030271	70.70069885253906
10.0	31.0	10.885	6.103384	43.030278	70.59685516357422
10.0	31.0	24.963	6.103398	43.030365	70.25682830810547
10.0	31.0	25.865	6.103396	43.030373	70.05919647216797
10.0	31.0	38.964	6.103393	43.030462	69.11563873291016
10.0	31.0	39.963	6.103392	43.030475	68.87274169921875
10.0	31.0	46.034	6.103402	43.030562	67.34107208251953
10.0	31.0	46.966	6.103406	43.030575	67.14344787597656
10.0	31.0	56.967	6.1034	43.030656	65.40412902832031
10.0	31.0	58.029	6.103397	43.030666	65.37120056152344
10.0	32.0	8.868	6.103362	43.030741	62.85441970825195
10.0	32.0	9.993	6.103358	43.030752	62.594261169433594
10.0	32.0	14.973	6.103343	43.030827	61.61734390258789
10.0	32.0	15.897	6.103341	43.030845	61.46413040161133
10.0	32.0	19.98	6.103303	43.030915	60.953025817871094
10.0	32.0	20.877	6.103291	43.030942	60.81157684326172
10.0	32.0	23.982	6.10324	43.031021	60.47539520263672
10.0	32.0	24.978	6.103227	43.031039	60.35334396362305
10.0	32.0	30.888	6.103194	43.031115	59.67583084106445
10.0	32.0	31.97	6.103197	43.031133	59.55086898803711
10.0	32.0	36.98	6.10327	43.031198	58.71648025512695
10.0	32.0	37.986	6.103298	43.031202	58.58802795410156
10.0	32.0	42.97	6.103416	43.031203	57.95301055908203
10.0	32.0	43.978	6.103426	43.031204	57.944610595703125
10.0	33.0	7.984	6.103537	43.031236	57.51251983642578
10.0	33.0	8.972	6.103541	43.031237	57.612770080566406
10.0	33.0	14.97	6.103561	43.031242	58.024085998535156
10.0	33.0	15.981	6.103559	43.031242	58.17229461669922
10.0	33.0	19.971	6.103569	43.031241	58.41509246826172
10.0	33.0	21.008	6.103576	43.031242	58.44325256347656
10.0	33.0	26.97	6.103672	43.031273	58.576725006103516
10.0	33.0	27.985	6.103691	43.031281	58.65686798095703
10.0	33.0	35.97	6.103808	43.031298	59.8493537902832
10.0	33.0	37.018	6.103819	43.031302	60.0999641418457
10.0	33.0	50.979	6.103927	43.031336	63.94998550415039
10.0	33.0	51.971	6.103932	43.031338	64.19877624511719
10.0	34.0	7.981	6.104021	43.031387	67.18376159667969
10.0	34.0	8.975	6.104033	43.031393	67.37236785888672
10.0	34.0	21.969	6.1041	43.031466	68.01818084716797
10.0	34.0	22.968	6.104109	43.031472	68.03594207763672
10.0	34.0	34.959	6.10421	43.031521	68.49649810791016
10.0	34.0	35.892	6.10422	43.031525	68.64933013916016
10.0	34.0	45.875	6.104275	43.031599	69.65499877929688
10.0	34.0	46.969	6.104279	43.03161	69.83641052246094
10.0	34.0	54.967	6.104339	43.031677	70.78514099121094
10.0	34.0	55.969	6.104351	43.031682	70.87918853759766
10.0	35.0	7.987	6.10446	43.031717	71.41133880615234
10.0	35.0	8.973	6.104467	43.031718	71.4177474975586
10.0	35.0	21.007	6.104582	43.031689	71.13805389404297
10.0	35.0	21.955	6.104592	43.031687	71.13400268554688
10.0	35.0	33.961	6.10467	43.031619	70.4102783203125
10.0	35.0	34.885	6.104675	43.03162	70.35526275634766
10.0	35.0	51.868	6.10469	43.031533	69.30204772949219
10.0	35.0	52.972	6.104688	43.03152	69.17762756347656
10.0	35.0	58.033	6.104707	43.031447	68.98407745361328
10.0	35.0	58.969	6.104718	43.031432	69.03673553466797
10.0	36.0	7.988	6.104801	43.031366	69.57864379882812
10.0	36.0	8.969	6.104806	43.031349	69.59673309326172
10.0	36.0	19.977	6.104884	43.031411	70.264892578125
10.0	36.0	20.933	6.104887	43.031417	70.34591674804688
10.0	36.0	28.969	6.104933	43.031492	70.7904052734375
10.0	36.0	29.896	6.104937	43.031502	70.90150451660156
10.0	36.0	37.986	6.104946	43.031584	72.09382629394531
10.0	36.0	38.973	6.104955	43.0316	72.23827362060547
10.0	36.0	49.976	6.105053	43.031644	74.40613555908203
10.0	36.0	50.974	6.105063	43.031646	74.6517105102539
10.0	37.0	1.991	6.10518	43.031643	76.50536346435547
10.0	37.0	2.991	6.10519	43.031644	76.6322250366211
10.0	37.0	10.887	6.105301	43.031617	78.71981811523438
10.0	37.0	11.976	6.105317	43.031612	78.9109115600586
10.0	37.0	21.029	6.105424	43.031572	81.1905746459961
10.0	37.0	22.076	6.105436	43.031567	81.47858428955078
10.0	37.0	29.895	6.105506	43.031497	83.15776062011719
10.0	37.0	30.85	6.105516	43.031489	83.3968276977539
10.0	37.0	40.969	6.10561	43.031432	85.1100845336914
10.0	37.0	41.972	6.105627	43.031415	85.1767807006836
10.0	37.0	49.964	6.10569	43.031343	85.41505432128906
10.0	37.0	50.965	6.105698	43.031333	85.443115234375
10.0	37.0	55.908	6.105731	43.031274	85.60301971435547
10.0	37.0	56.97	6.105762	43.031244	85.65276336669922
10.0	37.0	59.971	6.105843	43.03118	85.48188018798828
10.0	38.0	0.905	6.105863	43.031165	85.43226623535156
10.0	38.0	7.987	6.10593	43.031104	84.51484680175781
10.0	38.0	8.978	6.105939	43.031094	84.4300308227539
10.0	38.0	13.976	6.105998	43.031028	84.2116470336914
10.0	38.0	14.974	6.106008	43.031016	84.15276336669922
10.0	38.0	19.978	6.10607	43.030958	84.0252456665039
10.0	38.0	21.018	6.106085	43.030945	84.00567626953125
10.0	38.0	24.978	6.106155	43.030879	83.79167938232422
10.0	38.0	26.022	6.10617	43.030865	83.72914123535156
10.0	38.0	30.977	6.106259	43.030821	82.97686767578125
10.0	38.0	31.985	6.106278	43.030812	82.82965850830078
10.0	38.0	37.992	6.10637	43.03076	81.93230438232422
10.0	38.0	38.987	6.106381	43.030754	81.79597473144531
10.0	38.0	53.976	6.106498	43.030774	79.8352279663086
10.0	38.0	54.976	6.106501	43.030775	79.82383728027344
10.0	39.0	5.983	6.106559	43.030847	78.59205627441406
10.0	39.0	6.984	6.106569	43.03086	78.3479995727539
10.0	39.0	12.983	6.106581	43.030942	77.18080139160156
10.0	39.0	13.985	6.106582	43.03095	77.02075958251953
10.0	39.0	23.977	6.106585	43.031038	76.31232452392578
10.0	39.0	24.983	6.106588	43.031049	76.38953399658203
10.0	39.0	30.002	6.106633	43.031124	76.16604614257812
10.0	39.0	30.904	6.106646	43.031146	76.11660766601562
10.0	39.0	33.976	6.106708	43.031201	76.064208984375
10.0	39.0	34.975	6.106731	43.031214	76.0380859375
10.0	39.0	37.988	6.106807	43.031249	75.9883041381836
10.0	39.0	38.978	6.106836	43.031265	76.02299499511719
10.0	39.0	41.912	6.106928	43.031309	76.12374114990234
10.0	39.0	42.976	6.106958	43.031324	76.18145751953125
10.0	39.0	46.977	6.107041	43.031382	76.40840911865234
10.0	39.0	47.989	6.107062	43.031397	76.49813842773438
10.0	39.0	52.978	6.107154	43.031446	76.85360717773438
10.0	39.0	53.982	6.107169	43.031451	76.86973571777344
10.0	40.0	0.987	6.107244	43.031511	77.11261749267578
10.0	40.0	1.988	6.107258	43.031522	77.14990997314453
10.0	40.0	6.978	6.107287	43.031594	77.71807861328125
10.0	40.0	7.991	6.107287	43.031609	77.76393127441406
10.0	40.0	11.985	6.107257	43.031692	77.69320678710938
10.0	40.0	12.9	6.10725	43.031718	77.69322967529297
10.0	40.0	16.985	6.107257	43.031804	77.10555267333984
10.0	40.0	17.994	6.107258	43.031815	76.94206237792969
10.0	40.0	25.876	6.107307	43.031887	75.20808410644531
10.0	40.0	26.988	6.107323	43.031899	74.87953186035156
10.0	40.0	32.972	6.107365	43.031976	73.27200317382812
10.0	40.0	33.985	6.107356	43.031987	73.09477233886719
10.0	40.0	41.909	6.107309	43.03206	72.28828430175781
10.0	40.0	42.993	6.10732	43.032081	72.16002655029297
10.0	40.0	46.059	6.10735	43.032155	71.7635726928711
10.0	40.0	46.976	6.107352	43.032169	71.68636322021484
10.0	40.0	53.982	6.10739	43.032248	71.61038970947266
10.0	40.0	54.982	6.107406	43.032255	71.71270751953125
10.0	40.0	58.978	6.107512	43.032293	72.23953247070312
10.0	40.0	59.985	6.107531	43.0323	72.31832885742188
10.0	41.0	8.983	6.107645	43.032321	72.461181640625
10.0	41.0	10.019	6.107653	43.032328	72.4815444946289
10.0	41.0	17.033	6.107753	43.032379	72.46206665039062
10.0	41.0	17.991	6.107768	43.032383	72.43871307373047
10.0	41.0	22.977	6.107867	43.032406	72.9200668334961
10.0	41.0	23.986	6.107885	43.032411	73.0579833984375
10.0	41.0	30.887	6.107953	43.032469	73.2293472290039
10.0	41.0	31.977	6.107965	43.032484	73.33517456054688
10.0	41.0	38.983	6.108015	43.03256	73.3265380859375
10.0	41.0	39.984	6.108021	43.032571	73.3122329711914
10.0	41.0	45.02	6.108077	43.032649	73.6322021484375
10.0	41.0	45.73	6.108091	43.032662	73.69351959228516
10.0	41.0	51.635	6.108128	43.032738	74.74384307861328
10.0	41.0	52.715	6.108141	43.032756	74.968505859375
10.0	41.0	57.649	6.108168	43.032836	76.2007064819336
10.0	41.0	58.565	6.108171	43.032845	76.40741729736328
10.0	42.0	2.729	6.108237	43.032901	77.09555053710938
10.0	42.0	3.527	6.108269	43.032913	77.24829864501953
10.0	42.0	6.633	6.108364	43.032944	77.44586944580078
10.0	42.0	7.649	6.108391	43.032951	77.50761413574219
10.0	42.0	15.7	6.108506	43.032981	78.12924194335938
10.0	42.0	16.626	6.108516	43.032983	78.21520233154297
10.0	42.0	28.647	6.108623	43.033015	79.0714111328125
10.0	42.0	29.644	6.108634	43.03302	79.1279067993164
10.0	42.0	38.665	6.108741	43.033057	79.99650573730469
10.0	42.0	39.669	6.108748	43.033062	80.06156921386719
10.0	42.0	54.657	6.108857	43.0331	81.50433349609375
10.0	42.0	55.661	6.108867	43.033099	81.59480285644531
10.0	43.0	10.636	6.108977	43.033097	83.19682312011719
10.0	43.0	11.642	6.10899	43.0331	83.31758880615234
10.0	43.0	24.643	6.109102	43.03313	85.35618591308594
10.0	43.0	25.646	6.109109	43.033132	85.53251647949219
10.0	43.0	36.53	6.109221	43.033167	87.68243408203125
10.0	43.0	37.572	6.109245	43.033171	87.89836120605469
10.0	43.0	44.638	6.109354	43.03321	89.23628997802734
10.0	43.0	45.569	6.109364	43.033212	89.40016174316406
10.0	43.0	54.58	6.109471	43.033251	90.76197814941406
10.0	43.0	55.568	6.109483	43.033253	90.91057586669922
10.0	44.0	1.657	6.109589	43.03327	91.6339340209961
10.0	44.0	2.649	6.109609	43.03327	91.74153900146484
10.0	44.0	11.017	6.109726	43.033266	92.72936248779297
10.0	44.0	11.661	6.109732	43.033267	92.85598754882812
10.0	44.0	22.609	6.109836	43.033304	94.47549438476562
10.0	44.0	23.594	6.109858	43.033305	94.63748931884766
10.0	44.0	33.594	6.109975	43.033299	95.81026458740234
10.0	44.0	34.597	6.109991	43.033299	95.8076171875
10.0	44.0	47.067	6.110107	43.033324	95.68937683105469
10.0	44.0	47.9	6.110116	43.033325	95.72199249267578
10.0	44.0	59.939	6.110218	43.033369	96.0731201171875
10.0	45.0	0.926	6.110227	43.033372	96.05645751953125
10.0	45.0	9.955	6.110282	43.033434	96.2623291015625
10.0	45.0	10.937	6.110292	43.033448	96.31548309326172
10.0	45.0	13.954	6.110328	43.033516	96.463134765625
10.0	45.0	14.92	6.110336	43.033535	96.52471923828125
10.0	45.0	19.955	6.110379	43.033609	96.68637084960938
10.0	45.0	21.003	6.110392	43.033623	96.71390533447266
10.0	45.0	26.944	6.110433	43.033698	96.69234466552734
10.0	45.0	27.945	6.11044	43.033709	96.72781372070312
10.0	45.0	35.046	6.110459	43.033794	97.08364868164062
10.0	45.0	36.161	6.110456	43.033803	97.23136138916016
10.0	45.0	45.046	6.110479	43.033889	96.79496765136719
10.0	45.0	46.049	6.110477	43.033921	96.67345428466797
10.0	45.0	49.042	6.110462	43.034007	96.30403900146484
10.0	45.0	50.053	6.110459	43.034023	96.1368408203125
10.0	45.0	58.069	6.110442	43.034099	95.10347747802734
10.0	45.0	59.044	6.110441	43.034112	94.96928405761719
10.0	46.0	17.94	6.110446	43.034199	94.53713989257812
10.0	46.0	19.014	6.110455	43.034206	94.50899505615234
10.0	46.0	22.949	6.110524	43.034266	94.39379119873047
10.0	46.0	23.934	6.110545	43.034283	94.29908752441406
10.0	46.0	27.945	6.110611	43.034338	93.99015808105469
10.0	46.0	28.936	6.110623	43.034352	93.92079162597656
10.0	46.0	33.931	6.110659	43.034431	93.62566375732422
10.0	46.0	34.931	6.110672	43.034452	93.52444458007812
10.0	46.0	40.927	6.11074	43.034524	93.04899597167969
10.0	46.0	41.931	6.110752	43.034532	92.87284088134766
10.0	46.0	49.119	6.110771	43.034612	91.72227478027344
10.0	46.0	49.938	6.110773	43.034625	91.3816146850586
10.0	47.0	1.945	6.110849	43.034686	88.83937072753906
10.0	47.0	2.945	6.110848	43.034696	88.60553741455078
10.0	47.0	6.945	6.110851	43.03478	87.75537872314453
10.0	47.0	7.95	6.110851	43.034812	87.53483581542969
10.0	47.0	9.95	6.110834	43.034881	87.16717529296875
10.0	47.0	10.924	6.110816	43.034912	87.05220794677734
10.0	47.0	12.947	6.110777	43.034978	86.88893127441406
10.0	47.0	13.945	6.11076	43.03501	86.78852081298828
10.0	47.0	15.926	6.110738	43.035076	86.75175476074219
10.0	47.0	16.926	6.11073	43.035102	86.80223083496094
10.0	47.0	20.945	6.110696	43.035183	86.91812133789062
10.0	47.0	21.947	6.110683	43.035203	86.93222045898438
10.0	47.0	24.946	6.110648	43.03527	87.13125610351562
10.0	47.0	25.913	6.11064	43.035302	87.2313232421875
10.0	47.0	27.95	6.110632	43.035373	87.34626770019531
10.0	47.0	28.944	6.110627	43.035409	87.43765258789062
10.0	47.0	31.939	6.110613	43.035494	87.8523178100586
10.0	47.0	33.039	6.110612	43.035519	88.01752471923828
10.0	47.0	35.961	6.110598	43.035603	88.33790588378906
10.0	47.0	36.942	6.110596	43.035632	88.40373229980469
10.0	47.0	39.947	6.110585	43.035707	88.71742248535156
10.0	47.0	40.912	6.110579	43.035727	88.74535369873047
10.0	47.0	44.946	6.110551	43.03581	88.74630737304688
10.0	47.0	45.968	6.11054	43.035827	88.82612609863281
10.0	47.0	48.947	6.110513	43.035903	88.90204620361328
10.0	47.0	49.944	6.110509	43.035938	88.78632354736328
10.0	47.0	51.946	6.110508	43.036016	88.60208892822266
10.0	47.0	52.948	6.110507	43.036054	88.50560760498047
10.0	47.0	54.948	6.110515	43.03612	88.43457794189453
10.0	47.0	55.948	6.110522	43.036147	88.39981079101562
10.0	47.0	58.946	6.110559	43.036216	88.46190643310547
10.0	47.0	59.921	6.11057	43.036239	88.62899017333984
10.0	48.0	2.949	6.110591	43.036315	89.28678894042969
10.0	48.0	3.995	6.110593	43.036346	89.52339172363281
10.0	48.0	5.899	6.110585	43.036406	89.85516357421875
10.0	48.0	6.947	6.110578	43.036436	90.00859069824219
10.0	48.0	10.913	6.110556	43.036517	90.40320587158203
10.0	48.0	11.97	6.110555	43.036539	90.49482727050781
10.0	48.0	15.636	6.110531	43.036614	90.72953033447266
10.0	48.0	15.901	6.110515	43.036643	90.8855209350586
10.0	48.0	18.94	6.110472	43.036718	91.35426330566406
10.0	48.0	19.951	6.110459	43.036741	91.52064514160156
10.0	48.0	21.987	6.110436	43.036798	91.88502502441406
10.0	48.0	22.941	6.110429	43.03683	92.01625061035156
10.0	48.0	25.692	6.110399	43.036889	92.25896453857422
10.0	48.0	25.885	6.110374	43.036922	92.49559783935547
10.0	48.0	27.944	6.110328	43.036995	92.85199737548828
10.0	48.0	28.943	6.1103	43.037041	92.97614288330078
10.0	48.0	30.723	6.110267	43.037093	93.14091491699219
10.0	48.0	30.968	6.110232	43.03715	93.24673461914062
10.0	48.0	31.943	6.110205	43.037203	93.31810760498047
10.0	48.0	32.942	6.110185	43.037255	93.34864807128906
10.0	48.0	33.942	6.11017	43.037302	93.33740997314453
10.0	48.0	34.941	6.110157	43.037344	93.33447265625
10.0	48.0	36.945	6.110126	43.03742	93.31194305419922
10.0	48.0	38.009	6.110116	43.03745	93.3266372680664
10.0	48.0	42.946	6.110134	43.037529	93.29450988769531
10.0	48.0	43.948	6.110138	43.037543	93.17802429199219
10.0	48.0	47.951	6.11015	43.037608	92.34001922607422
10.0	48.0	48.947	6.110158	43.037638	92.12049865722656
10.0	48.0	51.945	6.110181	43.037707	91.13745880126953
10.0	48.0	52.947	6.110203	43.037742	90.62177276611328
10.0	48.0	55.947	6.110258	43.037808	89.16873168945312
10.0	48.0	56.942	6.11027	43.037822	88.7700424194336
10.0	49.0	8.977	6.110212	43.03789	85.08782196044922
10.0	49.0	9.944	6.110211	43.037891	85.04817962646484
10.0	49.0	18.923	6.110226	43.037883	83.7403564453125
10.0	49.0	19.859	6.110229	43.037881	83.69898986816406
10.0	49.0	20.476	6.110229	43.037881	83.69898986816406
