0 0.237875370494
2 0.692190095109
3 0.971625945826
7 0.967621953986
8 1.08075093985
9 0.151445372236
4 25.6839857807
7 32.8217356891
7 82.7011344695
8 99.8816365356
4 103.94590185
1 105.740264664
7 110.001716989
8 113.947728682
9 133.309846425
4 135.11823871
3 139.548008897
1 148.16113608
2 148.458045969
3 148.719587016
4 147.530470429
5 148.273024385
6 148.176599895
7 147.460050307
8 147.790980015
9 148.111188882
1 153.449839422
7 158.039069258
7 161.165469802
3 162.558536831
7 163.735991812
9 164.023878557
7 166.001347989
9 203.403646327
4 208.120058666
4 220.909200639
7 257.816216143
1 265.231902844
0 273.827483857
1 273.484060179
3 274.047661192
5 274.392706529
7 274.095583385
9 274.127251348
5 300.08433222
6 317.689067071
3 336.942105716
7 337.760865117
9 347.308393147
1 368.36750707
2 368.751179623
5 369.182007051
6 368.871794867
7 368.876440149
8 368.559554174
9 369.52533129
8 373.399883805
5 375.000086061
8 379.960591145
1 391.115571175
7 398.124044735
1 405.123764633
4 411.308739742
7 424.428512834
7 425.06215266
4 428.594357935
1 430.493791481
7 440.719407854
9 446.360533839
5 457.562252844
2 473.696578896
0 480.262412341
7 480.922218111
8 500.36278001
6 523.838144226
9 532.783357607
0 533.312761405
1 533.328315025
2 533.288573787
3 532.483514873
4 533.01953873
5 532.572895694
6 532.355797947
7 533.590853645
8 532.939591888
9 532.73163467
0 533.658812852
1 534.185153926
2 533.735533676
3 533.990403742
5 533.399583522
6 533.784217514
7 533.591024671
8 533.285167518
9 533.596531123
8 541.079233058
0 542.099397815
8 546.602548026
1 548.758097779
4 555.272876676
0 570.818967811
4 574.303373461
6 577.000426767
6 585.772819818
5 593.385081014
1 626.294733098
0 655.645690898
4 668.089688026
6 676.659818825
2 682.080903721
0 693.33591964
1 696.642689164
0 702.287751819
5 718.600075521
1 722.134312279
4 722.413990253
2 731.55375274
3 731.694065915
0 733.371052633
6 742.313748394
3 745.556820678
5 765.301894781
5 767.498786012
1 777.481116272
0 786.430833866
1 787.2554743
2 787.205687512
7 799.11116416
6 803.817031984
8 813.002258334
7 830.462789717
2 841.791959002
2 845.266784143
9 860.277998951
6 861.148700265
0 877.709954246
5 892.280644753
2 893.166568988
5 894.024990812
0 894.578031755
3 904.08146369
9 923.704972434
1 943.264704845
9 944.32664567
5 948.606581707
3 982.359794553
1 1010.51969381
1 1013.66138003
0 1014.25104518
1 1014.52627115
2 1014.09067858
3 1014.25657502
4 1014.33010027
8 1013.79329639
9 1014.72539923
2 1029.32354806
4 1029.01727353
6 1030.1271756
7 1029.29396581
0 1030.36151815
1 1031.12375141
2 1031.49718968
3 1031.91729325
4 1031.52479995
5 1031.36280685
6 1031.10442354
8 1031.49088929
9 1030.57356816
5 1037.81730323
9 1062.95479796
2 1067.64331877
2 1069.72334472
3 1072.19990023
3 1079.648011
3 1080.6895888
9 1101.29936135
6 1104.28806814
9 1104.32968272
0 1104.52166804
0 1105.0963608
1 1119.75841195
0 1121.07681811
2 1122.00127438
3 1121.20507903
5 1121.6814824
8 1120.88819613
9 1120.75286115
8 1142.45605193
0 1143.89579585
1 1143.39521608
2 1142.50072448
5 1143.56863601
8 1143.53799089
9 1143.20162075
2 1154.16467851
3 1166.11756695
3 1166.47770823
8 1170.36376227
7 1171.71884474
3 1171.99971554
9 1183.6319957
2 1184.73575085
8 1189.52374869
9 1196.00044075
3 1208.17788775
8 1208.42079674
8 1233.03448003
0 1237.19195246
1 1237.06856025
2 1237.6273331
3 1237.23435265
4 1236.88583616
5 1237.12146263
6 1236.88085279
7 1236.37339018
8 1237.32362103
9 1236.81329566
5 1246.54456327
7 1255.03120667
1 1266.87613886
2 1266.93852713
4 1267.37788956
5 1267.37711944
7 1266.62350834
8 1267.57347995
9 1267.023561
3 1278.99772818
4 1280.93666661
2 1289.70030631
1 1329.92301547
2 1330.82509834
9 1329.57071958
5 1363.63109749
3 1369.19570417
8 1371.62081509
6 1427.28579839
0 1453.13017347
0 1460.42631401
0 1472.93368899
5 1485.36574744
3 1486.3740576
9 1503.91609194
6 1507.98493271
6 1508.28498025
0 1511.45883021
9 1514.08196004
9 1518.58022863
0 1529.75777269
1 1529.68371812
2 1530.62730818
3 1529.19535675
4 1529.61415552
5 1530.51357321
6 1529.8199544
7 1529.91974542
8 1529.80460215
9 1529.76811838
9 1541.69214997
6 1546.99396768
0 1547.0174291
5 1558.86246125
1 1564.81527607
1 1565.40547169
2 1571.37626425
7 1571.65963551
0 1574.42207149
9 1591.50479643
5 1593.24294186
2 1612.80374251
7 1618.57426442
0 1626.91974537
1 1642.19809211
2 1647.70118013
6 1649.57091716
3 1657.63984279
5 1661.31027589
6 1663.4572333
2 1669.35394371
3 1669.12884048
4 1669.28657834
5 1669.04673602
6 1669.42586103
0 1680.82836827
1 1679.51937633
2 1679.96430617
3 1680.2540325
4 1680.50741068
5 1680.89912744
7 1680.38839332
8 1679.72460649
9 1680.73986957
7 1685.14577136
6 1692.32021762
0 1711.21026154
5 1729.65050803
7 1733.78547914
1 1740.3944682
2 1740.97521041
4 1740.53777371
8 1740.22419436
9 1740.95145023
3 1744.96493593
3 1754.17308117
5 1774.33785989
7 1781.92033236
6 1784.4859435
0 1787.98387129
3 1790.39490872
1 1791.72886536
3 1792.36985667
4 1792.46862945
5 1792.4950332
6 1792.18163934
7 1792.32943734
9 1792.60237085
5 1818.41277177
5 1853.26512716
3 1859.91317299
0 1860.09271017
3 1862.88063906
7 1868.91017172
4 1875.84842557
5 1887.89454083
2 1890.572384
1 1897.1296194
0 1917.83028857
0 1918.81401124
3 1924.3214967
4 1929.73469399
6 1929.74657694
1 1931.44227127
3 1932.96992236
6 1944.88506234
5 1950.71769115
2 1966.78221395
8 1972.89341557
0 1978.04949243
2 1977.70842178
3 1977.46814849
4 1977.51382522
6 1977.53538453
8 1977.48570244
9 1977.44811538
1 1994.9263399
1 2043.68848952
4 2073.49809502
2 2077.92340642
0 2087.16502798
3 2098.66842401
3 2100.26071382
0 2101.36651371
4 2111.56168166
3 2126.09321712
0 2128.72158675
1 2130.02592941
1 2133.85031491
2 2147.32795532
6 2151.90916438
1 2154.47353221
5 2156.37669204
9 2174.05420039
9 2179.7704079
0 2185.41702416
9 2202.74581699
0 2216.36480397
7 2221.72611953
6 2223.23662364
9 2224.47123974
5 2229.14737971
0 2231.43966165
1 2232.74539044
7 2231.80985543
9 2232.19430206
0 2250.88693369
1 2251.66301633
2 2250.21699228
5 2250.30622209
6 2259.89955815
7 2276.99397616
0 2307.59057238
9 2308.90708362
9 2313.11729769
1 2328.42264552
7 2347.27523576
2 2351.41717595
5 2376.28636543
3 2381.2847296
5 2381.56606594
8 2381.29961645
9 2382.13047661
0 2383.58836091
6 2388.17832893
0 2416.06472004
5 2423.097773
5 2430.62864996
8 2477.72381652
8 2481.33872055
7 2488.07740392
0 2488.57277933
0 2511.90157393
1 2512.36690656
4 2512.44154189
5 2512.43415957
6 2512.51221161
3 2517.06867352
0 2517.30053612
2 2519.37520678
7 2528.15382545
4 2531.29085062
1 2543.9335567
3 2555.39823085
7 2561.69430845
0 2569.66965355
5 2573.48904408
0 2573.04108832
2 2573.81592025
3 2573.17769709
4 2573.78635458
5 2573.83728811
7 2573.94946183
8 2573.73344522
9 2573.050426
9 2577.11610022
3 2582.98079074
7 2590.064358
2 2614.00044762
1 2614.14571717
8 2615.75617228
4 2649.48259961
8 2651.40903045
5 2682.325927
3 2683.39237425
4 2684.47793019
6 2702.82907148
9 2711.78087635
4 2732.60513285
5 2739.08957628
1 2745.86785191
2 2745.28211259
3 2745.66280419
4 2745.3219698
5 2745.3858937
6 2745.39978975
7 2745.52228882
8 2744.85793145
9 2745.47514913
0 2757.48517438
1 2755.84669332
2 2757.20028014
3 2756.65264457
4 2756.42984705
7 2757.60252586
8 2756.84079432
9 2756.00975367
2 2757.8216629
8 2760.86253471
4 2764.98024683
1 2767.73908886
3 2770.0319047
5 2771.75572655
8 2776.0246326
7 2803.02717465
1 2805.02143638
2 2814.70029051
3 2814.68657234
5 2815.09816803
6 2815.17809505
7 2815.65989759
5 2825.44350472
8 2825.84382669
0 2828.97371222
2 2829.25262171
9 2829.8590266
7 2850.75625689
6 2855.33182707
0 2915.98432376
1 2915.01954261
2 2915.82257642
4 2916.60977561
5 2915.79162313
6 2915.69237227
7 2915.70704322
8 2915.35503408
9 2915.94524409
0 2925.38178244
3 2928.61286146
2 2950.82234432
8 2951.33759995
8 2957.49020309
5 2958.56430978
1 2987.21382442
9 2992.71848551
0 2999.87312206
1 3000.07058715
2 3000.55967682
3 2998.98971473
5 2999.39330336
6 2999.19347292
7 2999.77271999
9 2999.67286807
2 3015.75998058
9 3016.41079133
3 3018.29450159
9 3018.94376551
1 3021.910278
5 3049.31067917
7 3050.68413701
1 3064.95038387
7 3073.46108418
2 3073.89810376
0 3076.80896372
1 3078.27367455
2 3077.77577966
3 3077.64419223
4 3077.34791421
5 3077.36067946
6 3077.08588824
7 3077.29291567
8 3077.20235915
9 3077.44480975
0 3101.15048684
8 3115.29616028
6 3121.12341062
9 3147.57675979
6 3153.43662378
6 3154.05026449
3 3159.90135209
5 3160.30079967
3 3190.76761701
6 3205.07388356
5 3211.84790835
3 3219.65407354
9 3220.88680392
0 3221.95538769
1 3236.65882355
4 3241.64700006
8 3243.77299828
6 3268.8845718
4 3272.8699055
6 3288.24277595
4 3296.67925997
1 3297.35927906
0 3301.46471868
1 3305.83521717
2 3306.88472451
6 3306.4204225
7 3307.05591242
8 3306.01647884
9 3306.72203207
7 3316.63978864
6 3319.33312242
6 3328.55000546
7 3350.47718657
4 3376.60522502
2 3385.75310174
0 3394.10623976
1 3394.38340215
2 3394.93445425
3 3394.62652382
4 3395.16188903
5 3394.23878464
6 3395.24583862
7 3393.9099866
8 3394.34486058
9 3395.15722327
1 3402.16824832
1 3407.19524186
3 3407.30419271
2 3410.02468013
3 3413.03330543
5 3421.09367318
4 3422.08709726
7 3424.96351127
1 3425.84749541
4 3450.29084473
5 3457.74230447
0 3460.12527106
8 3460.89505998
1 3486.41271104
2 3487.66683877
3 3487.64270702
4 3487.25906276
5 3486.57486997
6 3486.86634864
9 3486.71152126
5 3508.4688662
9 3509.35309976
5 3536.34994195
4 3588.49535186
3 3592.37239505
2 3596.13844799
7 3602.81817688
5 3632.2156162
9 3640.57998068
2 3655.87605256
6 3659.08389788
5 3663.44121918
1 3666.07373555
5 3670.72895287
6 3675.44639027
0 3678.55777237
1 3678.22407903
2 3678.6102507
3 3678.24095879
4 3677.85140712
5 3678.69227855
7 3678.61739548
8 3678.64136345
9 3678.44053955
1 3699.89027235
0 3709.96809682
7 3714.7017151
8 3731.97408602
3 3738.71312171
3 3744.48383148
1 3747.64090656
2 3747.44878708
5 3748.25599239
6 3748.2098331
7 3748.01305293
8 3747.81171128
1 3760.56744758
7 3763.87410102
5 3777.9547423
0 3801.1520463
8 3809.31144979
6 3810.1020983
1 3811.08180822
9 3824.80964329
8 3836.22690848
9 3845.74897481
0 3866.87469962
3 3872.0898686
9 3880.86483755
7 3890.50977953
0 3903.71475254
3 3931.16706705
2 3931.16866351
2 3933.50550377
1 3935.82751448
7 3943.09628944
0 3968.11890307
1 3974.58184902
7 3980.42055992
9 3981.14263344
5 3987.54556328
8 4009.92663899
1 4010.85001971
6 4015.74206087
4 4018.22837601
1 4074.92208278
9 4079.61740552
9 4081.59283331
3 4100.43403842
5 4104.34163126
6 4105.07769785
1 4121.66174814
3 4123.91689492
9 4124.24800846
3 4126.93481716
7 4137.96994552
4 4144.53358257
2 4150.11554589
6 4170.27059468
0 4180.19535365
8 4183.79698388
0 4190.77641987
2 4194.53931559
8 4212.85920438
4 4241.11229648
4 4254.4344812
4 4265.24498233
3 4269.19297413
6 4278.56925139
7 4280.51285407
3 4288.28706607
5 4295.63277398
9 4296.45613014
1 4305.16998086
3 4322.71098574
7 4325.58010022
9 4337.5645769
6 4341.21824134
6 4372.17285208
3 4379.55983543
2 4384.16568559
2 4387.63788932
0 4389.20660553
7 4394.34261985
6 4417.76488803
3 4466.93467519
2 4477.57517992
5 4508.39232647
4 4509.16802847
1 4530.65103083
2 4531.26757581
4 4530.66315202
5 4529.68437094
6 4530.6922178
7 4530.34865374
2 4534.41126561
5 4537.7411993
2 4546.22341483
3 4554.88057349
0 4568.46858271
9 4570.74333859
6 4579.86790948
2 4586.75554064
2 4588.2384445
5 4597.56792537
8 4612.86032537
5 4619.09579633
3 4634.00984966
8 4636.60667844
8 4638.63965344
6 4652.17844833
3 4656.32596075
1 4675.60024375
9 4682.33499236
0 4683.39021855
0 4684.33985441
3 4684.31443813
4 4685.07309261
6 4683.90362855
7 4683.48304376
8 4684.21465703
9 4683.84877546
9 4686.22279059
1 4691.98402719
7 4705.76659778
3 4714.47313824
4 4715.05330955
4 4720.57656183
1 4724.3305167
3 4723.19027858
4 4723.70360018
5 4723.7935674
6 4724.49177552
8 4726.5690504
6 4776.15783054
3 4779.02206755
5 4779.26982567
4 4787.78136675
9 4800.30970532
5 4801.61565628
1 4805.86586842
5 4811.43546259
1 4819.01940838
6 4856.76164467
2 4863.29376056
9 4867.11430348
8 4887.47665646
0 4897.74093226
1 4895.8115626
5 4896.6847902
6 4896.30122477
8 4896.6656574
9 4896.65648493
4 4911.5086553
4 4943.18524496
8 4943.53205896
9 4942.75253942
5 4945.36405781
7 4963.77061449
2 4968.7990401
6 4972.81472032
7 4980.1397584
2 4982.81183454
8 4999.36060278
3 5009.15653246
6 5011.3047062
6 5039.54748515
9 5056.62399347
7 5062.38219149
7 5075.82782021
4 5075.93433257
1 5079.83061573
1 5083.17486095
6 5089.66425502
5 5098.36510272
5 5123.44251089
1 5127.4926173
2 5127.66489872
3 5128.11015106
4 5127.10880174
5 5127.97686432
6 5128.2828052
8 5127.30894204
0 5131.57921552
1 5131.65908178
2 5131.70617336
3 5131.52684494
4 5131.38089352
5 5130.50678979
7 5130.71754192
8 5130.85401444
9 5131.27459339
1 5135.09551959
7 5135.63153728
4 5142.42612715
1 5152.55147374
0 5162.0568472
1 5165.89976268
6 5198.0980109
6 5199.75037383
1 5221.16875626
2 5220.732108
4 5221.35710047
5 5220.18526338
6 5220.56907603
8 5220.55435387
0 5227.26224775
1 5227.06037849
2 5226.86458415
4 5226.35048635
5 5226.56865401
6 5227.32970944
7 5227.31924434
8 5226.73837727
9 5226.38091251
3 5232.03693567
4 5260.01513847
3 5292.82790852
3 5293.29006758
6 5311.20157093
0 5314.96708135
2 5317.55101183
6 5324.22968442
6 5332.13427395
4 5335.39370053
9 5335.82706279
0 5352.16514477
3 5352.68270296
0 5369.65902976
5 5378.64663269
8 5428.12015598
0 5429.03055301
7 5450.80880426
7 5464.68092729
1 5473.33856838
7 5484.56326856
6 5486.52142169
0 5556.64420042
3 5557.59254214
6 5557.01495974
8 5556.97385786
9 5558.53572363
9 5566.26529451
3 5568.05735816
9 5570.60047457
9 5578.79962666
0 5583.11527434
5 5591.32456709
2 5616.04141836
3 5616.80690693
3 5619.51933467
4 5635.22987146
4 5643.28052049
2 5644.56027077
8 5658.40477852
7 5676.72662303
8 5676.73041256
5 5679.73802555
0 5699.70118473
2 5700.18259989
3 5699.95478469
4 5699.98667665
5 5699.63655123
6 5699.15830986
7 5699.8264337
8 5699.43379596
5 5716.8750772
7 5721.6936438
6 5727.82252489
0 5729.73149572
1 5744.25321924
2 5743.6429159
4 5743.21376197
5 5743.31710028
6 5743.18724478
7 5743.58951608
9 5743.43716622
9 5745.84584135
4 5753.88274204
3 5773.06297263
0 5801.81000891
6 5820.45307725
1 5832.3387931
6 5877.71705294
2 5885.3221877
9 5906.58662097
8 5909.94020447
1 5944.39876199
2 5943.17545754
3 5944.36114305
5 5943.28725784
7 5944.30129015
8 5944.25436421
3 5948.17844079
7 5958.08870161
2 5960.80813875
8 5983.23347271
9 5988.25317959
5 5997.24066715
4 6013.16300392
4 6024.82716971
6 6030.25450285
7 6028.99882505
8 6051.02050546
8 6057.05525377
2 6062.48334973
5 6063.45441859
3 6104.37439668
5 6108.8999311
3 6110.21492079
2 6113.78614982
0 6122.12293537
1 6122.5113378
2 6122.02478854
3 6122.19720103
4 6121.99996295
5 6122.02415669
6 6122.353892
7 6122.44212514
8 6122.02264008
9 6122.25915367
2 6133.11579812
3 6134.45300427
4 6133.84127864
5 6133.79580329
9 6133.60929438
2 6159.28734101
8 6167.00771952
7 6194.29968808
0 6208.66366089
1 6208.18113215
2 6207.88866079
3 6208.14148649
4 6208.59817676
5 6208.27102979
6 6208.39985733
7 6208.30237995
8 6207.44356454
9 6208.53391811
3 6252.24571685
7 6260.73615252
4 6268.63861995
4 6306.39051394
4 6309.41161599
5 6310.18847998
2 6313.03279328
2 6319.11954319
1 6321.88147126
5 6358.89247573
1 6359.39514875
9 6365.91356246
2 6387.72902839
0 6389.34617653
3 6437.02765753
2 6455.3603083
3 6454.80942617
4 6455.54473791
6 6454.83885077
7 6473.75380912
7 6478.82748337
9 6485.21897471
0 6494.98053083
6 6494.4389731
9 6494.09423267
8 6495.98452237
0 6497.27674136
1 6497.75993456
2 6497.19302136
3 6497.35945374
5 6496.56607997
6 6497.40874126
7 6497.47947851
8 6497.12333736
9 6496.97575675
7 6508.31536613
0 6516.43340287
1 6516.45963071
4 6516.39128719
5 6517.2099439
6 6516.82848705
7 6515.77716218
8 6516.20800932
9 6516.93023549
2 6518.15453007
3 6519.3315077
5 6548.40750463
4 6552.7075404
0 6564.63079556
3 6565.11000381
7 6566.2495618
3 6569.61185533
8 6570.06784353
1 6570.21921623
7 6586.57041093
6 6595.74650942
3 6598.94415263
1 6604.28285571
9 6607.93977293
0 6615.38461192
8 6618.60697638
5 6637.85784188
4 6638.99354605
9 6641.37636506
0 6643.00476327
1 6643.98913153
2 6643.90397883
7 6642.31914864
8 6642.56766272
4 6646.56692567
0 6657.40215146
1 6657.9112085
2 6657.52119656
3 6657.73421196
4 6657.22995587
5 6657.85363123
6 6657.13490717
7 6657.55970906
8 6657.84226301
9 6657.9587081
2 6658.75904624
0 6689.50956238
7 6706.33653183
2 6723.75273162
9 6724.77611325
2 6729.18472243
1 6729.35866419
6 6735.20448366
3 6739.00076395
1 6742.62397148
1 6742.97460695
6 6751.37084853
8 6753.38838282
8 6757.33702779
5 6786.51080986
2 6856.53346174
0 6858.85782111
1 6858.07498728
2 6859.0595324
3 6858.64492531
4 6858.80446833
5 6859.94799826
6 6859.0583163
7 6857.47736346
8 6858.35851836
9 6858.65389916
6 6875.45038282
4 6886.20958882
4 6899.22081593
9 6900.4893745
9 6909.78969146
1 6913.19111533
4 6919.65274061
1 6923.7402116
3 6941.8176007
2 6945.77106898
1 6951.89479101
1 6952.38347551
7 6962.40403965
3 6962.51584661
7 6976.87208998
2 6979.65706624
8 7000.05826021
7 7001.10801224
7 7016.65656144
6 7030.41917565
9 7070.84202523
6 7076.21858524
7 7091.81905849
6 7105.23905055
4 7121.52077011
4 7128.73313201
0 7142.24265422
5 7156.37420281
5 7158.60248558
5 7169.91314119
2 7175.25504975
1 7215.98565271
9 7217.21846365
5 7256.61181952
3 7261.96132575
4 7281.86362824
7 7282.98602481
7 7290.73494717
8 7292.82015252
3 7295.26327176
9 7314.74772864
1 7330.67102929
1 7344.46806695
1 7348.08308705
0 7357.38971664
1 7358.06062274
3 7357.08496861
4 7357.8935549
5 7358.02487069
6 7357.90068569
7 7358.06186626
8 7357.51007639
9 7357.50484093
6 7393.35259966
0 7408.86083571
2 7409.39100341
7 7408.58888475
8 7409.81150117
8 7426.21250075
9 7451.13854252
2 7474.90976581
7 7475.71670414
3 7507.70611573
9 7511.25708892
3 7518.7250965
8 7537.50372161
4 7560.70238936
7 7578.23588133
9 7581.68152546
4 7591.18336982
9 7607.71496343
9 7619.96640298
6 7624.46829617
9 7652.03099899
5 7674.73979127
4 7680.24134662
1 7701.96229771
9 7704.6830955
0 7705.37386164
1 7705.8610192
2 7705.58632135
4 7706.97040867
5 7705.74144467
6 7705.78881909
8 7706.18634382
1 7706.247605
6 7717.9498598
0 7721.58592263
2 7749.82817419
1 7754.76993709
5 7759.38199753
6 7767.50886629
3 7773.98810193
5 7774.61626609
9 7795.9668157
1 7797.53261133
3 7803.0681316
4 7808.17310775
3 7819.17043282
5 7824.84464924
0 7825.06521601
4 7829.01985696
9 7829.63691142
6 7839.79595349
4 7840.87178299
9 7857.54719413
9 7879.35630786
7 7885.24813167
1 7886.93548488
6 7889.47572506
6 7890.48970668
6 7915.08549242
0 7919.61764188
1 7925.97566266
5 7925.54250754
7 7926.52399347
9 7925.93425084
0 7936.30326661
9 7980.00824221
7 7981.61964047
8 7985.22957788
9 7989.51200774
9 7995.26605469
5 8000.41854795
2 8012.23901502
0 8040.86238087
7 8042.17128339
6 8049.01504743
5 8055.49005748
9 8065.07069093
6 8065.73224744
4 8073.32359993
2 8074.96453449
0 8127.2493549
5 8131.2978035
0 8133.54303499
1 8133.10558666
2 8133.02981996
3 8133.59549839
4 8132.41700925
5 8133.58820867
6 8133.30204176
7 8133.22206046
8 8133.81409649
9 8132.46490974
2 8135.73971749
1 8151.44130716
4 8154.61281093
3 8157.17405088
1 8175.03802285
7 8203.08740988
7 8209.74537216
1 8211.57629403
0 8218.14335286
0 8224.45833874
8 8240.95051049
0 8247.24459315
7 8247.87325514
7 8258.9041615
5 8261.15937386
3 8267.07233061
4 8276.35895006
1 8279.26031597
9 8280.17601305
5 8288.91994343
0 8320.22461462
2 8320.82325496
3 8320.479692
4 8320.0504505
5 8319.81276792
6 8320.6409011
7 8320.44381655
8 8321.05786132
9 8320.20206963
9 8325.99232168
4 8329.86825032
2 8336.41468096
7 8371.43655426
7 8381.69309368
9 8384.3258859
5 8388.15596716
5 8391.87725663
8 8392.30339977
7 8393.93207509
3 8398.01802002
0 8400.64620365
2 8400.76467395
7 8400.57958583
9 8400.97143715
1 8410.42196505
3 8431.03837181
8 8449.82154359
6 8458.98589539
4 8474.60702962
0 8474.91914929
1 8474.99873249
2 8475.1429307
3 8474.59745451
4 8475.5479298
5 8473.91360286
6 8475.03370662
7 8474.63462036
8 8475.1091275
9 8475.43408816
2 8475.47113346
7 8482.89938448
6 8487.56077489
4 8510.93707303
3 8517.88420826
8 8523.68664008
0 8529.51045453
1 8529.7672159
3 8529.5965093
4 8529.15433646
6 8530.00969462
7 8529.65570195
8 8530.24522802
7 8539.3702886
2 8547.41523484
2 8553.5507944
4 8566.92643677
4 8567.98652498
1 8569.41688575
5 8574.61903124
0 8575.75760643
1 8575.61790754
2 8576.08586845
3 8576.71323682
4 8575.29124405
6 8576.28708413
7 8575.09021822
8 8575.77156042
9 8575.19161072
8 8608.92158739
1 8610.77170557
4 8619.45415196
1 8621.29527599
0 8623.33476566
1 8623.90407884
2 8624.27829034
3 8623.52675362
4 8624.64952016
5 8623.87766515
6 8624.06991616
7 8623.8409708
8 8623.45845349
9 8623.89064198
2 8631.73053703
1 8633.44808174
2 8682.0117859
4 8682.11388329
5 8682.87421011
8 8683.09255813
9 8682.6869095
2 8694.04762356
5 8708.62993485
0 8713.40152977
8 8712.93679329
1 8715.76117612
0 8719.30538953
2 8723.40690938
4 8725.27079901
9 8759.56121223
4 8761.02324542
1 8776.80671565
1 8777.20864421
4 8786.17592167
5 8786.28514816
5 8786.41523791
5 8797.03271938
9 8809.25555421
8 8828.47096485
9 8832.25570313
2 8832.7782018
7 8836.01434985
2 8865.18192177
1 8866.03359695
3 8868.0976894
4 8876.06966476
4 8881.36215884
5 8903.25350903
9 8918.38889992
2 8923.10670122
4 8934.56460709
9 8953.39933778
5 8980.03487268
1 8995.08231396
3 8996.37918063
4 8995.45860802
5 8994.91713857
6 8995.95254493
7 8995.61699624
9 8995.30808122
6 8998.79301666
9 9002.33172721
9 9007.31113922
3 9029.4546041
6 9060.46886856
0 9062.04089788
1 9061.88978577
2 9061.94571576
3 9062.62887267
4 9062.26115837
5 9061.87355236
6 9062.22048155
7 9062.82456595
9 9061.87371267
3 9066.91384952
9 9071.03202865
1 9076.11715825
8 9081.52475309
8 9091.84582296
6 9092.34173375
9 9093.82692891
0 9097.26781071
0 9113.24953768
1 9112.317105
2 9112.66386879
3 9112.99633383
4 9112.74975751
6 9112.43050302
7 9112.44053184
8 9112.65713764
9 9113.00989464
6 9121.13726644
9 9150.13686805
2 9158.50771756
8 9173.36243505
9 9175.82731544
5 9205.663766
1 9227.09141598
5 9235.61325832
8 9237.82342181
6 9254.71969995
7 9268.23938836
8 9282.31742847
0 9284.52101391
2 9284.87343207
3 9285.15754597
4 9284.76175873
6 9284.97315478
7 9284.49987414
8 9284.93608808
3 9297.51944728
2 9301.85229489
8 9301.88179056
7 9321.51787935
8 9340.07279023
1 9344.30830854
6 9405.4581643
9 9408.11991949
4 9444.91337532
3 9454.64144577
4 9482.20030425
5 9490.19272938
0 9514.26800084
1 9514.14044687
2 9514.72572667
3 9513.2587896
4 9514.36371943
5 9514.44825926
6 9514.86977631
7 9514.33495426
9 9513.82004364
0 9527.51658171
4 9538.70006746
1 9571.93982336
3 9572.52161898
0 9575.00192046
1 9574.43578808
3 9575.22872169
4 9573.9750521
5 9575.00326798
7 9574.87870386
9 9574.5510994
5 9577.87607206
8 9581.63963133
7 9583.86444099
1 9584.68671041
1 9591.56683284
6 9617.82926354
5 9618.88789752
2 9619.95683102
8 9621.46836746
9 9621.89560405
2 9628.57434849
0 9629.80135589
1 9629.57884573
2 9628.67829181
3 9628.74588825
4 9630.28827189
5 9628.9579283
6 9629.53282538
7 9629.61889051
8 9629.3332225
9 9628.76676896
1 9643.57280412
2 9644.07203707
4 9644.33935139
5 9644.36791193
7 9643.63262601
8 9643.88070945
9 9644.0374993
2 9644.73880591
2 9649.91529094
0 9662.83030404
1 9663.49157611
2 9662.92500036
3 9662.77303817
4 9662.85338761
5 9663.43078157
6 9662.20559898
7 9662.67764535
8 9662.41272893
9 9662.92024287
9 9665.97294291
5 9671.76788309
8 9685.67303672
4 9690.47585765
0 9696.36178326
8 9699.77633053
7 9699.98097614
1 9700.44224068
7 9716.95713868
0 9724.20860984
1 9725.74036842
2 9725.16305863
3 9725.7997085
4 9725.09671548
5 9724.92199665
8 9724.84983468
9 9724.49287519
7 9735.32659041
6 9738.23601411
2 9749.44611607
4 9749.63902587
6 9750.47489986
9 9753.54619758
4 9759.3387637
3 9760.80436464
3 9789.85422485
1 9791.65329564
2 9792.56596832
4 9791.87069594
7 9791.30455126
5 9820.30529565
4 9830.98969552
2 9831.99439556
2 9838.80364797
4 9845.11789648
1 9855.09030878
5 9854.97359624
9 9855.03081486
1 9857.67478614
1 9861.74692387
9 9885.67485609
0 9893.92280889
9 9896.10152155
7 9916.6920615
8 9916.69369637
0 9920.33625537
4 9925.13252618
6 9928.60090352
9 9937.97714496
3 9939.46113916
6 9952.57521154
5 9957.10951178
0 9978.9341886
5 10003.802971
3 10019.7983354
1 10030.4871598
4 10031.6829613
9 10069.7534782
9 10122.6480806
2 10122.9093355
3 10123.5644732
5 10123.5697786
9 10123.2392379
1 10127.1399223
4 10129.9856662
0 10130.6655576
2 10129.9917705
3 10130.6074555
8 10130.4796449
9 10146.4997077
2 10150.1914337
0 10154.5197824
2 10166.0340781
5 10165.5674112
6 10166.0692321
9 10170.0860296
0 10173.9265243
9 10179.6780883
8 10186.9054861
2 10205.4651568
1 10220.4679604
7 10241.2009901
3 10264.0743264
8 10265.156271
9 10266.8285283
3 10269.68413
8 10276.9626556
3 10287.9098353
6 10291.3255693
3 10291.4689605
6 10307.713907
1 10318.14671
4 10318.0589261
5 10317.4002977
6 10318.1566017
8 10316.5392692
9 10317.6110292
8 10317.641432
3 10318.8916607
6 10325.1092212
9 10325.4502584
1 10327.7982548
2 10351.6748882
5 10375.1340434
4 10377.2044757
2 10410.8583581
0 10422.7435546
5 10433.431799
7 10437.2368387
5 10439.7107857
3 10443.3606118
6 10447.5635721
0 10459.7261912
2 10466.0093493
7 10471.4508578
1 10478.7452895
2 10481.8265959
6 10501.3420625
0 10513.2674827
1 10514.6528525
2 10513.9333201
3 10513.6076198
4 10514.0625736
5 10514.3474731
6 10514.18398
7 10514.1773582
8 10514.2255343
9 10514.0031904
0 10525.7009048
1 10525.6187846
2 10525.5135322
3 10525.3264508
4 10525.6041428
5 10525.5187594
6 10526.0155437
7 10525.1004975
8 10525.255554
9 10525.1789099
7 10540.3821041
5 10550.4484486
2 10558.8096074
6 10563.0086997
4 10576.6395542
9 10579.8148896
5 10581.2571677
6 10588.2126293
6 10589.45194
7 10593.9579945
9 10606.8594945
3 10617.5089619
1 10620.0972756
7 10624.848595
0 10626.2432883
2 10626.097826
7 10629.9003881
1 10631.5593418
4 10632.3357476
4 10632.438995
2 10636.4931279
3 10636.7080037
4 10636.9616758
5 10636.7537581
6 10636.0809546
7 10636.3275425
3 10640.9964065
9 10662.7646219
7 10673.9063678
1 10690.1923027
8 10693.0667962
8 10695.9397697
3 10700.0506555
5 10705.2046539
4 10720.5697342
9 10723.347988
8 10724.1097202
5 10725.8461019
9 10733.058896
5 10741.3687468
6 10758.2751858
3 10766.316031
5 10767.3688208
6 10767.0539557
7 10767.2957852
8 10767.7887607
9 10767.8185011
8 10768.8783976
7 10770.7957397
3 10780.3236197
6 10790.2088075
3 10798.1075112
1 10817.6708518
7 10816.8791937
2 10824.3936015
9 10831.1567682
2 10838.7266484
9 10840.2685911
9 10840.7626418
6 10854.2704772
0 10857.6459324
1 10857.6648871
2 10856.4598798
3 10857.4699687
4 10857.1402675
5 10857.067452
6 10857.4951953
7 10856.9331949
9 10857.500374
2 10862.2611893
1 10871.716078
4 10908.0265011
0 10916.7218122
5 10918.6634191
6 10917.6351632
5 10933.1713077
0 10975.4859084
9 10977.9285427
7 10990.2346423
7 10999.7562952
8 11025.8552139
9 11038.7549748
4 11049.030078
6 11054.9523242
3 11057.4884187
7 11065.8319301
0 11078.0274511
1 11078.3541078
2 11078.2305905
3 11078.8992402
5 11078.5465307
6 11077.3812334
9 11113.6094689
5 11119.7442213
6 11134.4102986
2 11147.8542189
4 11168.4669812
8 11183.5096302
5 11184.139538
6 11204.1051398
8 11207.7051316
8 11236.2786375
6 11238.5227288
7 11241.3223276
0 11248.2887782
1 11248.7306397
6 11248.619768
7 11249.0361399
9 11247.3597711
7 11282.2262748
5 11303.4280523
4 11310.6780931
5 11318.9559976
3 11332.8750482
5 11332.8788705
7 11332.7125517
8 11333.0101365
4 11343.7697857
5 11345.5863835
3 11373.696263
1 11374.8016777
0 11378.325332
3 11380.3025297
8 11395.6486873
6 11397.8844976
9 11400.5430552
0 11430.8956411
6 11436.1326766
3 11438.0659797
1 11442.1433217
2 11442.6215513
3 11442.8350246
4 11443.1214118
5 11442.4266421
6 11443.0170544
7 11442.7363666
8 11442.5659767
9 11442.7122453
3 11444.9379814
3 11451.580006
6 11452.159123
3 11460.4231592
6 11460.1662381
5 11464.5447887
3 11466.5209937
8 11471.8287306
0 11476.672218
1 11477.3541606
2 11477.1236587
4 11477.8909525
5 11477.2471679
6 11476.8183033
7 11477.8520663
8 11476.9864053
9 11477.0060249
0 11478.7776938
8 11513.1562221
3 11515.6778117
0 11518.1435168
3 11519.5181468
0 11534.388578
2 11534.8116773
4 11534.8639895
5 11534.6902294
6 11534.2389391
7 11534.3655822
9 11535.5121873
8 11546.0011536
0 11546.6990559
1 11545.8198464
2 11546.1541032
5 11546.5154945
6 11545.8400123
7 11547.4070948
8 11546.7205137
9 11545.9753582
0 11560.288972
9 11563.7348495
3 11576.9398197
4 11587.4421407
2 11606.1435079
9 11626.018333
4 11649.7800698
0 11655.3154514
1 11654.202759
2 11655.2428351
3 11654.947697
4 11654.7247613
5 11654.7158654
6 11654.2158323
7 11655.2371227
8 11654.6288107
9 11654.9088613
6 11657.6668656
5 11665.2901816
2 11688.569277
8 11698.1736055
0 11699.5371379
9 11700.7023393
5 11708.9444382
3 11710.6212223
3 11728.2154824
6 11732.2778405
2 11734.6054594
6 11739.2214331
4 11740.794766
1 11772.517726
9 11777.6733353
4 11781.2847184
9 11789.7457884
0 11793.8694055
1 11793.798833
2 11793.5441893
3 11793.9582011
4 11793.7188351
6 11793.3755064
7 11792.8854184
8 11793.8107714
9 11793.0403869
0 11794.1514542
2 11799.1251387
4 11809.2757988
9 11829.5158132
2 11836.5171314
5 11836.9518217
7 11836.0992246
8 11836.1502269
2 11838.8495896
6 11838.9511402
1 11846.5045976
4 11857.1495751
0 11883.4712688
4 11885.2092152
7 11892.0586565
9 11894.9991263
3 11934.7764235
1 11940.6474269
7 11942.4010328
4 11950.7428769
0 11958.3354162
7 11964.3427673
0 11965.9157536
1 11965.6122331
2 11965.7040799
4 11965.6763433
5 11966.142162
9 11965.8708901
1 11975.8392678
1 11995.3209643
0 12037.5481193
1 12037.4394658
2 12036.6137626
3 12037.593047
4 12037.8867694
5 12036.7783824
6 12037.5919283
0 12082.8002733
7 12101.7527195
0 12104.5186772
4 12104.5787169
2 12107.3691337
6 12112.3938858
4 12137.0979447
1 12171.8291083
8 12177.7439273
2 12189.6796082
3 12189.2687647
4 12189.20526
5 12188.939403
6 12188.9991275
7 12188.3987776
8 12189.3827451
9 12189.6457094
7 12201.0106507
9 12203.5079767
2 12208.4708131
9 12210.6196269
6 12225.7201967
7 12251.7981394
8 12254.3173327
2 12266.2526585
6 12274.748097
2 12286.0445176
4 12326.2911041
8 12332.9308716
7 12342.0451785
2 12352.386449
4 12352.8453125
8 12365.4610998
9 12366.2092558
7 12366.2463689
4 12376.5075543
1 12382.3363015
9 12390.4858711
9 12405.9241834
9 12410.3800367
0 12422.1930603
9 12439.9322147
0 12440.8968558
2 12440.0794758
3 12440.3329923
4 12440.5208926
5 12440.2804629
6 12440.4575509
7 12440.8032051
1 12449.1733577
8 12453.96034
3 12459.7759076
0 12476.5567579
1 12495.2629542
4 12494.8856091
5 12495.8421936
7 12495.39307
8 12495.4152554
9 12495.5591056
8 12529.9308157
6 12545.6567345
3 12554.1974346
8 12555.3441064
7 12555.3938061
1 12573.7002876
6 12633.0231059
4 12638.3045449
4 12659.475824
8 12676.9112143
0 12677.2876321
0 12693.5041757
2 12693.5461734
3 12693.7156652
5 12692.910845
8 12693.6115126
9 12693.6550603
0 12697.203074
8 12722.4653791
6 12732.9952872
3 12737.2002942
0 12743.0989421
8 12744.0080002
8 12802.4759522
8 12821.1585014
2 12836.8534832
4 12840.5603335
1 12848.1155549
6 12849.0302546
1 12852.4587286
0 12853.1657813
9 12863.3180194
8 12871.9247311
4 12898.9988253
1 12904.0794613
7 12917.1570048
0 12964.2178427
6 12978.7906558
0 12982.3531977
9 12992.2230896
1 12994.8711859
2 13007.367266
5 13013.1350565
3 13013.3714662
5 13015.9791584
2 13018.3376553
0 13020.8922338
0 13040.5261111
1 13040.1939269
2 13041.2393323
3 13040.6561461
4 13039.4806079
7 13040.5594256
0 13045.2755583
2 13047.8250243
9 13056.8053086
6 13059.3057861
5 13083.3807278
2 13110.2900701
6 13110.7312435
8 13119.4719118
0 13134.526293
6 13151.6881258
7 13153.4285257
6 13158.8272496
2 13167.4008743
1 13177.7175528
5 13178.4321105
6 13177.5979401
8 13177.3898678
9 13177.7894762
1 13198.1445434
8 13199.7377545
2 13226.5791583
0 13258.0677743
1 13259.2474054
2 13258.2870098
3 13257.9946739
4 13259.1962972
5 13257.9222115
6 13257.5429373
7 13258.8059794
8 13259.318851
9 13258.6157482
0 13259.6168973
8 13277.7814928
9 13287.9593443
1 13302.3661274
3 13302.8455333
5 13302.0526459
6 13302.379801
7 13302.7930435
8 13302.4483456
9 13303.0944516
3 13309.8905891
7 13315.2777681
4 13317.8457772
3 13357.6438007
0 13363.668697
2 13368.8140907
0 13372.4437884
6 13373.5385488
4 13380.8679268
0 13387.9238214
2 13397.1528819
2 13403.3517214
1 13404.8011986
1 13406.7564868
1 13418.4287695
1 13439.8754133
4 13440.110642
7 13440.3014185
4 13464.4735554
1 13467.0852624
3 13470.2431946
3 13475.3776873
2 13478.356804
6 13493.8028284
0 13502.9361655
0 13503.5697968
1 13503.2084009
2 13503.9159464
3 13504.0794603
4 13504.4132468
5 13503.7734724
6 13503.8440235
8 13503.8876722
9 13503.7487925
8 13504.8667487
7 13511.3537709
9 13513.1542984
7 13520.3439253
5 13523.3685285
6 13526.3226572
9 13527.2018036
5 13537.3844797
9 13539.227652
3 13552.2437286
9 13553.822314
3 13559.6971012
0 13575.4483449
0 13585.4687666
1 13584.1653116
4 13585.0925047
5 13595.4700016
4 13600.1231033
0 13614.4636101
9 13620.1394152
9 13621.5696202
0 13627.2792015
1 13626.4787342
2 13626.7881039
3 13626.5818558
6 13626.9677057
7 13627.0595231
9 13626.3384612
0 13628.2956216
1 13642.0663993
1 13668.410637
2 13674.9977235
3 13674.0423422
7 13674.8121136
8 13674.755975
1 13686.7176322
3 13706.5551911
7 13717.4725159
9 13719.9702013
6 13728.5092383
9 13737.809637
8 13740.2011495
5 13740.346255
3 13740.4534377
0 13750.5249236
0 13753.1173988
7 13758.3756331
6 13773.6288352
5 13788.0370274
0 13818.9552098
2 13819.4702922
3 13819.5050387
4 13819.0367135
5 13818.7353464
7 13818.8986846
9 13819.3820259
3 13835.9035095
3 13837.4040179
0 13869.6432788
7 13875.1445534
1 13880.5551165
7 13899.3275601
1 13912.5850091
5 13913.1265121
7 13931.4090124
9 13932.1329229
6 13936.7058188
1 13939.6948124
2 13950.973646
2 13956.5473032
6 13987.8729892
1 13990.2470069
7 14002.4918881
9 14004.9629911
6 14005.1231127
2 14029.3997037
3 14036.8674605
7 14048.9952155
7 14068.4547053
1 14073.1471387
4 14087.3816101
0 14107.6961027
2 14108.0541831
3 14108.082494
4 14108.0123286
6 14107.4771799
7 14107.0175679
0 14110.5927622
1 14111.2920249
2 14111.3814687
3 14110.8774191
4 14111.1940982
5 14110.5303126
6 14111.5382564
7 14111.3322039
8 14110.1982448
9 14110.9778814
6 14114.2806297
2 14130.1419023
9 14132.9254543
1 14150.2756113
2 14169.8044183
7 14171.58001
5 14178.7826386
2 14180.9997272
6 14205.1363493
6 14239.4340884
3 14244.7576329
2 14259.5955799
6 14269.9776141
0 14272.3031355
1 14272.7413566
2 14272.7531246
3 14272.4123738
4 14272.6574319
5 14272.3147464
6 14271.9908309
7 14272.0397497
9 14272.0020575
5 14278.9765588
2 14282.1142186
3 14287.5929592
6 14288.9522135
0 14289.7375994
2 14290.5409435
4 14290.4746767
5 14290.6348662
8 14290.5034715
9 14290.649995
5 14293.6363761
0 14304.9773935
1 14304.4893161
2 14305.0613867
3 14304.8816658
4 14304.9693828
6 14304.3417239
7 14305.0267666
8 14304.6256317
9 14305.742088
3 14322.8864207
0 14329.9265632
3 14347.8350979
4 14347.2236911
5 14350.6432832
8 14352.9548989
8 14354.3784509
8 14357.0482994
7 14369.8000382
3 14377.1398525
8 14385.2280055
4 14391.3262638
0 14431.6682802
1 14435.4057602
6 14435.6486265
8 14436.0275269
4 14437.1390996
9 14439.6570108
6 14459.3220469
7 14471.158475
8 14475.9945411
5 14476.7312906
2 14477.7818396
1 14491.8461313
6 14496.5396496
3 14503.186278
2 14505.8060765
4 14523.3834831
8 14531.3410297
6 14531.5537211
8 14533.8512289
4 14537.8420194
1 14544.4966996
2 14544.223605
3 14544.6833431
4 14544.6570741
5 14544.8495171
6 14545.0363402
7 14545.0722852
8 14544.6837409
9 14545.2319244
9 14548.7916384
1 14569.7348572
7 14570.8788061
4 14598.1459903
9 14599.6798777
2 14602.3223298
9 14617.1490336
9 14619.7969819
8 14620.3382796
6 14647.0369193
5 14663.1443733
3 14663.6948668
2 14671.3558755
7 14672.1766169
8 14672.0670685
4 14730.489953
4 14757.0140751
7 14770.6554112
1 14775.8989402
1 14845.700425
8 14875.5746709
6 14879.917394
6 14886.3652806
7 14893.4988943
1 14908.3270531
5 14921.0306779
2 14925.6171762
5 14946.6219084
3 14959.6888353
1 14961.2614355
0 14989.7367617
5 14991.0791438
0 14997.2221881
8 15008.3857035
9 15013.834656
6 15018.0323499
0 15056.5803121
1 15055.6647427
4 15056.6863355
6 15055.4797377
9 15055.2458171
1 15076.4967382
2 15075.9391102
3 15076.5863167
4 15075.7703819
5 15076.3513564
6 15076.172643
7 15076.2292501
9 15078.6177801
2 15100.2750674
7 15107.172101
2 15109.8668246
7 15112.5051532
4 15113.7959189
9 15118.4055064
3 15123.6077556
7 15142.6932174
5 15146.5965757
8 15151.375379
7 15165.0710389
7 15165.1459701
0 15180.7817797
4 15195.1539606
6 15197.501976
1 15206.0050855
0 15210.8264513
4 15217.4309936
0 15233.2399857
3 15241.6555794
9 15245.5181882
6 15254.893164
9 15258.2961295
0 15272.6773477
2 15272.1845934
4 15272.6743032
5 15272.5290527
5 15306.1496819
3 15322.4465467
4 15326.7311538
1 15331.4964274
2 15332.4191267
8 15347.7674889
0 15351.6685711
5 15359.0434259
1 15373.1730554
0 15381.9711557
1 15381.9456553
2 15381.9009081
3 15381.9443659
4 15382.0664002
5 15382.1219204
6 15381.7488878
7 15382.1486491
8 15382.4139501
9 15382.0219609
0 15396.7839874
2 15398.3780312
1 15401.8153705
1 15420.9561934
3 15427.030892
8 15432.482112
1 15441.7293583
2 15441.8133946
5 15442.2052662
6 15441.8419846
7 15442.5638896
1 15457.6595923
9 15469.840242
3 15471.227955
3 15477.6597655
6 15485.0063847
0 15490.7867287
2 15491.2272035
3 15490.8681585
4 15490.9653248
5 15491.2712158
6 15490.7998173
4 15497.3239267
2 15499.5725783
0 15511.5986733
2 15513.4012165
7 15512.3723942
1 15522.1351676
7 15534.6667099
5 15543.1909979
5 15543.9420486
2 15551.1324761
1 15554.9920356
0 15560.2891792
4 15559.0027752
6 15560.559591
7 15560.067059
8 15564.811804
0 15572.3631582
3 15573.1069433
8 15587.8046531
8 15595.1628789
2 15600.3873978
3 15607.5078043
1 15622.9947485
7 15637.6934554
8 15638.4247987
1 15648.5597224
4 15660.6653505
9 15668.9488302
6 15702.1407318
2 15711.6316203
3 15712.877926
5 15711.9524172
6 15712.3495673
8 15712.3513822
2 15727.5858789
8 15751.7725785
7 15758.0603601
5 15764.5795745
4 15778.8771597
0 15779.1163232
4 15796.0749022
4 15805.6087049
7 15822.127252
0 15823.4325895
2 15823.499364
3 15822.6013121
4 15822.630654
5 15823.3539572
6 15822.5865047
7 15823.3376577
8 15823.1253291
9 15822.770905
0 15825.1994091
2 15854.0711634
3 15854.5742107
8 15855.9071344
9 15859.9805209
0 15891.0516221
1 15891.222406
4 15891.9371663
6 15891.1602095
9 15936.9636378
0 15940.3801428
6 15946.2961027
8 15954.5676849
4 15973.1739445
9 15984.0046026
8 15990.6481208
8 16001.4613267
6 16027.4909856
7 16037.5976953
1 16045.747973
2 16048.6880747
3 16070.9479513
4 16084.64679
9 16104.1862558
1 16110.6296225
7 16113.6942295
9 16126.6364284
2 16136.2260785
7 16136.581514
1 16150.2959435
0 16151.8034926
2 16155.2022503
3 16159.8488156
4 16160.556635
9 16168.1234849
3 16171.181417
4 16191.5294897
9 16201.7802108
6 16207.6764558
2 16221.3178418
0 16222.9226772
2 16223.2670309
3 16223.2354126
7 16221.8438149
9 16222.9779411
2 16235.027972
2 16239.3930507
1 16262.8125252
1 16271.7559238
9 16281.0064608
9 16299.0016601
5 16306.7263292
0 16311.3604495
1 16310.9328647
2 16311.467585
3 16310.9235113
5 16311.695954
6 16310.8778929
7 16311.1838546
8 16311.2325129
9 16311.0930222
0 16321.2062769
8 16324.5822384
0 16352.242774
1 16352.3481842
2 16352.0064043
4 16352.2198611
5 16351.5887792
7 16352.2003578
8 16352.8457805
9 16351.8723146
1 16379.2452626
8 16381.8718008
9 16382.1830131
8 16391.7431178
2 16392.963285
6 16404.0881864
0 16406.9943103
3 16410.305873
1 16420.0192337
0 16441.4203925
2 16441.5982854
3 16442.0145753
4 16442.0465693
5 16441.3792837
7 16440.4355739
8 16440.9295345
9 16441.6039318
8 16443.5014094
9 16443.680508
7 16450.0628356
3 16452.1455011
8 16458.9606025
1 16462.6150953
2 16462.1283562
3 16461.3777094
4 16461.5939324
5 16462.9645666
6 16461.819403
7 16461.2021649
8 16461.7610341
9 16460.9870377
9 16472.5518094
6 16475.415724
0 16476.2757241
1 16476.5478748
3 16475.9261612
4 16475.4176936
5 16476.0202532
6 16475.5515995
7 16475.4962506
8 16475.2958125
9 16475.3624987
1 16503.9748577
1 16511.2867576
6 16512.5335088
2 16518.6252603
6 16522.7824946
0 16535.9720733
0 16540.5058629
1 16539.6510551
2 16540.0610064
3 16539.8611561
6 16539.5889285
7 16539.5960712
1 16543.8440373
2 16543.446843
4 16542.5916606
5 16543.0259879
6 16542.3269215
7 16543.3215754
8 16543.4188663
2 16544.9150717
1 16549.7678739
2 16549.8341294
3 16549.8797878
4 16549.8969294
5 16550.6142483
6 16549.721881
7 16550.3574042
9 16550.1253653
8 16562.4580516
8 16580.2196518
6 16623.5104834
8 16638.0887302
0 16638.2928337
9 16649.7756539
5 16655.2270237
8 16665.6493042
5 16668.2177563
5 16670.8464656
5 16677.0121312
7 16710.6485953
8 16729.4064375
1 16749.8111808
8 16758.1213169
2 16773.0659254
8 16777.7759844
3 16785.3282484
1 16787.0368561
7 16789.5899471
7 16798.1766443
2 16812.372101
7 16830.3700976
9 16839.1359332
2 16844.1033849
7 16849.9730426
0 16853.5741667
5 16865.2484986
2 16867.7137067
1 16868.3899969
1 16876.2045555
6 16901.5252965
4 16909.51509
3 16912.6181725
8 16914.3194726
3 16921.7712769
6 16922.9285469
0 16932.8445596
0 16934.3343862
1 16933.9173847
2 16934.4863634
3 16934.4226761
4 16935.0206154
6 16934.1071032
7 16934.0271772
4 16938.8322092
7 16944.5381059
6 16949.6314596
7 16970.2449802
1 16977.1695777
2 16978.0577812
3 16977.1590815
4 16977.649692
5 16978.5292762
6 16977.8265832
8 16977.6084948
7 16990.9957288
4 17002.1243325
0 17002.2142558
0 17006.3341173
2 17025.8737282
3 17032.9548242
1 17044.4004474
0 17046.5907543
0 17069.9507822
3 17070.8793704
6 17070.9329534
0 17076.0986844
9 17079.1873769
1 17094.4626122
4 17103.017536
2 17115.5601544
2 17127.3105671
5 17130.3827025
3 17140.1237212
1 17141.3531588
5 17144.902431
3 17161.6249519
6 17167.1374159
0 17176.4537725
8 17181.6159063
7 17181.8284279
9 17189.9540706
8 17195.9653934
7 17197.5984527
0 17200.644984
1 17201.2367119
3 17200.2598558
4 17200.6208589
5 17201.46672
6 17201.4376514
7 17201.2468096
8 17201.3370169
9 17201.3409394
4 17207.5862333
5 17221.3657261
5 17222.8957696
0 17229.0141274
3 17263.1324112
5 17268.0638904
1 17275.5260822
2 17276.4699492
5 17276.0271171
5 17279.0272459
3 17303.2584355
1 17303.3198972
6 17304.1880148
9 17309.5480274
0 17323.2047973
1 17323.5455244
2 17323.7179551
3 17323.1828708
4 17323.3485463
6 17323.2011998
7 17324.003824
8 17323.2402019
3 17329.7887298
2 17329.9527723
2 17330.579455
1 17349.37551
6 17350.1675259
7 17396.0530044
4 17396.3235562
1 17397.9882245
9 17399.1188924
6 17401.3154612
0 17404.2280368
8 17435.24058
0 17440.9380968
3 17445.4336489
6 17451.985314
7 17463.6247689
7 17466.8353236
4 17477.5318181
7 17488.9528524
4 17491.3457146
9 17507.3363673
1 17514.5164008
3 17535.1555708
0 17537.2040219
1 17537.0606853
2 17536.4094091
4 17536.8121476
5 17537.5265886
6 17537.0831494
7 17536.8413634
6 17577.602263
4 17589.3086731
2 17605.3858125
7 17614.7549853
1 17616.0290987
2 17615.2120799
6 17615.6111524
9 17638.4310567
4 17640.8863702
7 17649.8673697
1 17654.5367022
5 17665.5787163
5 17673.6514508
5 17674.1409655
2 17683.024294
4 17683.7266362
6 17690.8204474
2 17695.9897126
1 17696.3380623
8 17701.2924753
4 17711.3747903
2 17717.0562703
0 17724.4965303
1 17724.3515138
2 17723.8458541
3 17724.807283
4 17724.1270301
5 17724.327612
6 17723.8813568
8 17724.2295803
5 17730.6943649
5 17743.8928907
4 17748.5203916
0 17750.7422864
2 17751.4348113
9 17754.4677746
7 17771.5882916
5 17793.5294862
0 17796.8521149
7 17831.5196868
2 17833.0301132
8 17840.7890527
0 17872.3908164
1 17871.8715488
2 17871.5657765
4 17871.5949623
6 17871.3560765
8 17871.7257875
7 17883.2734635
8 17892.1764846
0 17901.2134075
4 17913.3277387
7 17919.1591546
0 17929.9095902
9 17954.1213455
8 17965.9852336
2 17968.670509
2 17991.0254168
9 17994.1438948
1 18010.6591228
8 18052.4670889
0 18061.665377
1 18061.2670342
2 18060.946839
3 18061.0012625
4 18061.1886449
5 18061.0451352
6 18061.5373153
8 18061.2832227
9 18065.755709
2 18066.1828814
3 18069.2212066
2 18074.3141047
6 18105.5986901
1 18118.9532176
3 18139.8962845
7 18147.788448
6 18174.6224988
8 18178.571476
2 18186.7046394
3 18186.6646047
5 18187.5437095
6 18187.1075405
8 18186.5375427
9 18187.2405663
3 18193.6950769
5 18196.6613555
7 18207.6610536
2 18208.4706087
1 18212.9080529
0 18232.3311158
7 18234.9842239
2 18238.7965647
7 18239.2971417
9 18261.0689404
9 18265.2531356
1 18267.9092161
5 18269.6963726
9 18271.2059974
5 18281.8282983
3 18289.3422328
2 18293.0053457
1 18304.5324508
4 18304.3899557
0 18304.9500943
9 18368.070518
1 18371.6503579
7 18371.8008819
1 18391.5119447
0 18399.26133
5 18400.5399315
0 18405.7607555
1 18406.7747036
2 18406.1673459
9 18406.1328435
2 18434.9319254
7 18437.7769588
5 18437.9759549
4 18439.3443357
6 18444.7388442
2 18456.5898122
9 18476.0341597
9 18477.361428
2 18513.6978016
7 18541.8524807
5 18544.1047455
6 18548.7356963
7 18557.0201314
0 18557.4155651
1 18567.1366878
6 18571.0522942
6 18577.4466594
7 18582.5295622
0 18600.0097138
1 18599.6583316
2 18600.2168472
3 18599.5839173
4 18599.4011077
5 18600.3511499
6 18599.6218655
7 18599.4227791
8 18599.663797
9 18599.8374443
8 18601.0339752
9 18608.3681181
4 18624.848892
9 18625.732997
3 18633.9959739
3 18651.0081065
5 18652.8341431
4 18654.200222
5 18653.5951928
6 18653.3106925
7 18653.3445047
8 18653.3661311
0 18660.4655353
9 18664.2656997
0 18669.063728
1 18668.968465
2 18668.4919704
3 18668.7922057
4 18668.093988
5 18669.1709403
6 18668.6000185
7 18668.7177007
8 18668.4465806
9 18668.5464305
1 18669.7199723
2 18671.5390091
1 18686.0021134
3 18687.4020666
6 18698.4388997
2 18749.845434
4 18775.4754977
7 18777.438034
4 18779.4762424
8 18812.4619195
4 18814.3024007
9 18844.0816279
9 18851.9681952
5 18856.4098543
3 18858.2768469
5 18862.7609812
3 18878.9721985
4 18878.7303041
5 18878.7463274
6 18890.5277639
4 18897.8378433
1 18899.3543327
5 18914.4824293
4 18930.8437217
3 18938.6527764
7 18940.1615838
5 18944.0611945
3 18961.973009
1 18964.5835486
3 18966.1955039
5 18985.7790695
3 18988.3671023
6 19002.2092857
0 19007.810403
7 19017.9919394
2 19018.9698265
5 19018.3265507
7 19018.4281595
8 19018.9138533
5 19048.1854612
2 19048.3510495
0 19056.0160498
1 19055.6091748
2 19056.4931826
3 19056.254978
6 19056.1976147
7 19056.9578194
9 19055.5003022
3 19061.4722119
3 19065.2354753
1 19071.1131795
9 19079.033677
6 19099.1569453
2 19103.1720449
1 19103.8968309
1 19113.1829836
2 19121.1927664
0 19132.6920218
3 19133.1200609
4 19133.152613
5 19132.8486767
7 19132.8487543
9 19133.570394
1 19150.8501942
1 19179.5839125
3 19183.7428421
0 19198.8734039
0 19204.0960073
2 19205.7927925
4 19208.0133631
5 19229.1683251
1 19237.163217
4 19238.0392924
6 19238.0733496
0 19276.8331841
6 19280.9479094
7 19280.9796545
4 19281.4281478
3 19293.5057938
8 19309.7519575
0 19313.9328742
1 19314.0238237
2 19314.6548461
4 19313.7519354
5 19314.3068598
6 19313.9285298
7 19314.1661873
8 19314.3059135
9 19313.9127572
5 19323.0772929
2 19325.868375
3 19328.6263069
2 19371.8099554
9 19376.3687035
7 19381.4760385
3 19398.8036258
1 19402.2122109
8 19408.1805166
3 19410.1073475
6 19410.8743181
0 19412.8517031
4 19426.3489114
9 19432.2751048
0 19442.2691773
9 19446.4980833
5 19458.7889265
1 19468.273585
1 19481.1688435
8 19492.5726746
0 19499.9618714
1 19499.5062567
2 19499.1872741
3 19499.4432033
4 19499.858379
9 19499.770322
0 19504.4521244
1 19525.990363
4 19537.0297818
1 19542.7420347
5 19552.5611595
2 19559.6948125
3 19563.1732605
5 19570.175569
4 19570.7817855
1 19576.1712152
7 19579.5424615
0 19587.6596461
1 19587.9126744
2 19587.8194611
4 19587.3844023
5 19587.4568214
6 19586.9831133
7 19586.4079443
9 19588.0384499
6 19594.5505004
1 19599.2030447
9 19607.01647
7 19621.2601603
1 19624.5037775
6 19625.4330839
1 19636.3332656
5 19636.6516317
4 19653.6899556
6 19675.3992877
8 19689.0160804
6 19698.2597177
5 19698.5682789
9 19708.1746777
9 19728.6986461
5 19733.5114478
7 19733.7658019
